LAMBDA,FLUX,FERROR
8005.615,3.903923111001503e-18,5.5740799375445525e-18
8006.9434,1.5487180173985884e-18,5.161260240334479e-18
8007.3647,-1.220122048866683e-18,6.849300183855136e-18
8007.4969999999985,-4.009543851988297e-18,7.672005061210138e-18
8030.8623,5.067295005797665e-18,4.883638274858936e-18
8031.568,9.332799822262602e-18,7.314408905914272e-18
8031.8174,1.6302379920384618e-17,6.4211517679921564e-18
8032.939,-1.4967663287330393e-18,5.3827722729946156e-18
8055.0063,5.748087415948541e-18,7.422392320302061e-18
8055.5537,7.48875192391651e-19,5.130030581293724e-18
8056.0186,-6.947791305211448e-18,7.194794527743764e-18
8056.2840000000015,4.229283894761732e-18,4.633011871143195e-18
8080.2505,-1.4324409865357446e-18,4.373292659128364e-18
8080.469,-1.3277105758255106e-17,6.886399822241593e-18
8080.9346,5.58329517598554e-18,5.029981954459491e-18
8081.9023,4.5365421282945105e-18,5.8306853550268894e-18
8104.389,8.642626894580134e-19,4.220291966976265e-18
8104.92,-1.4509809082219427e-18,6.762806194343139e-18
8104.924,5.235540027846332e-18,5.610785823151971e-18
8104.953,1.274475173869862e-17,4.90074675521608e-18
8129.371,1.8121445584713013e-17,6.7875776985979726e-18
8129.4023,1.5493776049791498e-17,4.831165919113522e-18
8129.4233,1.9832333784894858e-19,4.107034012507131e-18
8129.9917,8.593113438239551e-18,5.3199466100520344e-18
8153.4873,-6.30169892645305e-18,8.84521186201944e-18
8153.5923,-1.5270869257153432e-18,3.865953636574829e-18
8153.852,8.50081073374934e-18,4.681808102964402e-18
8154.083,-7.64151134639624e-18,5.042325170961828e-18
8178.04,2.6080371097406773e-18,3.702953111186218e-18
8178.3013,6.414074219681492e-18,4.563843570238921e-18
8178.5356,1.3807629339539763e-18,4.878620595102963e-18
8179.385,-4.594893810108871e-18,6.333020282417793e-18
8202.487,2.9262678935224175e-18,3.573985485053003e-18
8202.61,-9.417694616825822e-18,6.852557375841454e-18
8202.751,4.946003921287735e-18,4.435266162627936e-18
8202.989,-7.532185231242552e-18,4.599016680731171e-18
8226.935,-1.9431848739511255e-18,3.421250981666967e-18
8227.2,2.3760902803037398e-18,4.331894022295684e-18
8227.440999999999,-1.4559603874739943e-18,4.418824220103004e-18
8227.571,1.065530750017941e-18,5.931969051446395e-18
8251.14,4.482804601124885e-18,4.163334985625282e-18
8251.382,1.7308466155449285e-18,3.2223602876869912e-18
8251.625,-2.184652775568428e-18,5.738173081015316e-18
8251.8955,3.2281748204855553e-19,4.2498189053223165e-18
8275.829,6.943886927276166e-18,3.063730695615649e-18
8276.075,-1.103402689236843e-18,5.479935751200934e-18
8276.348,2.228904995617006e-18,3.995457252327842e-18
8276.561,4.661857636591669e-18,4.009743872366634e-18
8300.276,5.37859470948967e-18,3.0954014692479838e-18
8300.526,1.1361189814834545e-18,5.314968048374927e-18
8300.548,3.553491066233602e-19,3.8948948534401595e-18
8300.801,8.107791207578317e-18,3.832588674682396e-18
8324.724,4.095621617391875e-18,3.2574614132773145e-18
8324.976999999999,6.161271676354479e-18,5.194038205553264e-18
8324.997,7.280794210069707e-19,3.825095837135428e-18
8325.254,1.1356089038855233e-17,3.698547317007904e-18
8347.788,2.2234521336824633e-18,2.8728472775536333e-18
8349.428,-3.3770676383872424e-18,5.296770898992242e-18
8349.446,-9.517342738034972e-19,3.784169659143747e-18
8349.707,2.7469186844016587e-18,4.3586359314977905e-18
8373.877,-1.173343776888534e-17,4.8680867307992714e-18
8373.8955,-1.0756382942614322e-18,3.732566290869008e-18
8374.159,7.421396836792821e-18,4.3825034306840104e-18
8374.963,-1.415845979401001e-18,2.5385779861919525e-18
8398.056999999999,-5.280710305351233e-18,2.5830767900340322e-18
8398.326,2.878026247222825e-18,5.037986982117574e-18
8398.341,-1.741628942050715e-18,3.681666194762813e-18
8398.61,5.979988180331566e-18,3.416818728062355e-18
8422.504,-1.1450738656316299e-18,2.549430718915838e-18
8422.79,8.208199538754971e-19,3.4185542419172615e-18
8422.792,2.045954524805021e-18,4.6067014505535286e-18
8423.063,-1.814140017182421e-18,3.3330510595682255e-18
8446.805,6.082079752934787e-18,3.3004125833034734e-18
8446.951,8.95254875978268e-20,2.4938128195863496e-18
8447.2295,-5.701664768332502e-18,4.357018477668701e-18
8447.517,1.0736822222221804e-18,3.171599103848867e-18
8471.398000000001,-1.7556055800133644e-18,2.406154966952627e-18
8471.68,-3.583016440272602e-18,4.19285684098617e-18
8471.97,-2.8689634993124215e-18,3.063431796593514e-18
8472.085,5.251835969603287e-18,3.1792998509112555e-18
8495.846,1.1203479939182963e-18,2.3331883339167748e-18
8496.131,-4.494291280176057e-18,4.097499605758381e-18
8496.138,-2.1120365624845794e-18,3.00125745281926e-18
8496.421999999999,-1.6326869263475923e-18,2.967238986675826e-18
8520.293,-1.5365651819387158e-18,2.2751281738006985e-18
8520.581,-1.2473339280752563e-18,3.916026576779131e-18
8520.587,-1.9298152062997195e-18,2.907038855497443e-18
8520.876,-4.208382277304981e-18,2.992991992087594e-18
8543.383,-5.21058214546712e-18,2.163373472997001e-18
8545.032,-3.139557007533699e-18,3.734046938585177e-18
8545.037,-4.734889579352687e-18,2.8341996100201946e-18
8545.328000000001,-5.73861917210578e-18,2.9551940379041727e-18
8568.917,-1.0809742227004122e-17,2.7681570575022333e-18
8569.483,-7.293299270893847e-18,3.6341087101058185e-18
8569.780999999999,-8.112846058927475e-18,2.8972867929523503e-18
8570.5,-4.7681068740184456e-18,2.098517509200498e-18
8593.635,-2.280230150051974e-18,2.2078381272194278e-18
8593.93,-8.686128816157213e-18,3.688437487513591e-18
8594.234,-1.0081011268183991e-17,2.854334445183885e-18
8594.407,-7.32829634892933e-18,2.7132392517844227e-18
8618.083,-3.2341808181600904e-18,2.2205173273416082e-18
8618.385,-5.714525589559524e-18,2.6803091724088447e-18
8618.395,8.607212438296656e-19,3.6034022437201546e-18
8618.45,-4.348772186714109e-19,2.9015404562839088e-18
8642.53,-7.471395412222136e-18,2.222990694194499e-18
8642.834,-4.4574883334120116e-18,2.6309941083014876e-18
8642.836,1.4683702487660196e-18,3.617721659514663e-18
8643.48,-9.719983052441933e-18,2.8592461205836244e-18
8666.95,-6.6564616539984965e-18,2.2241651374766067e-18
8667.283000000001,4.5263599139321486e-18,2.5470802258334524e-18
8667.286,-3.84832281116678e-18,3.419011405540332e-18
8667.594000000001,-8.021394685330664e-18,2.8443015378581417e-18
8691.247,1.1242076659155196e-17,2.5403174050990985e-18
8691.449,-1.623650315845525e-18,2.1981343543590702e-18
8691.737,-6.423903078564567e-18,3.270329958439994e-18
8692.046999999999,-5.2292013695261055e-18,2.8038610548370217e-18
8715.872,-2.6814430521024798e-18,2.1535488410438575e-18
8715.975,-5.436792557464386e-18,3.2554215138927776e-18
8716.5,-3.185055555840732e-18,2.7145586505397745e-18
8716.646999999999,9.768835672446215e-18,2.488828797586605e-18
8740.319,-2.8439087269219916e-18,2.0993328899166745e-18
8740.632,6.942552645108404e-19,2.264374843319969e-18
8740.953000000001,-7.741769174398721e-19,2.7066376628584346e-18
8741.065,-8.331104225073792e-18,3.0039780033031235e-18
8764.767,1.5459880942542318e-17,2.167073802172369e-18
8765.081,1.9498945995580915e-18,2.13305354259997e-18
8765.09,-7.183616492886144e-19,2.945302793000159e-18
8765.405999999999,-8.995485478129369e-18,2.756661224807767e-18
8787.971,2.6009444287814308e-17,2.291013408751664e-18
8789.53,2.075274524308389e-18,2.096468066494992e-18
8789.541,-5.050974814113834e-18,2.7922661941115777e-18
8789.858,-5.010133081336291e-18,2.6485480451845874e-18
8813.98,-2.6818521237812974e-18,2.0437599236596986e-18
8813.991,-8.956308939181884e-19,2.6919231517266005e-18
8814.312,-3.7836101685172895e-18,2.5817339426892528e-18
8814.833,2.0699670898745778e-17,2.2036385359045273e-18
8838.108,1.3323994829439916e-17,2.105050119038784e-18
8838.43,-1.6954035097383682e-18,1.98221190687098e-18
8838.438,5.823215445959306e-18,2.7956554180836407e-18
8838.765,-6.1981236498584365e-18,2.5834049394136555e-18
8861.654,4.1605469318787145e-19,1.9082001116382267e-18
8862.556,-2.6423940457687993e-18,1.9375934010869464e-18
8862.9,-4.4077278358927585e-18,2.579957299984077e-18
8863.218,-5.472996118600936e-18,2.557281343421189e-18
8887.003,-5.563960940767676e-18,1.9292454683228388e-18
8887.344000000001,-9.060734113389548e-18,2.450596571043848e-18
8887.671,-4.612107355150102e-18,2.5275915101982527e-18
8888.461,-6.329671044028997e-19,1.850928096252392e-18
8911.45,-5.853524536937793e-18,1.966258455609055e-18
8911.778,-2.376912356259962e-18,1.8370347682836706e-18
8911.795,-2.3693075235095025e-18,2.4041332577329563e-18
8912.05,3.1799729249770897e-19,2.490914955587042e-18
8935.896999999999,-5.1439892807873745e-18,1.9518174945459422e-18
8936.228000000001,-6.554052370432701e-19,1.7869768529683557e-18
8936.246,-2.6118423791353026e-18,2.3854002849001678e-18
8936.739,-4.632064991687584e-18,2.546735423588612e-18
8959.838,-4.393695334771108e-18,1.9291758500422087e-18
8960.677,-9.943277521740403e-19,1.7351873843936043e-18
8960.697,-3.93936316803648e-18,2.3178624489071825e-18
8961.029,-2.492370654638669e-18,2.4990589868252576e-18
8985.126,-6.84177248947786e-19,1.6966566152280537e-18
8985.146999999999,-3.0055191222225625e-18,2.2726963300591526e-18
8985.221,-3.568518305527582e-18,1.9350541207855376e-18
8985.482,1.3158736048645248e-19,2.513708572256431e-18
9009.239,-1.074889351704935e-18,1.931051192145889e-18
9009.324,-7.337581693244656e-18,2.2332622952819944e-18
9009.576,-2.3000628842542556e-18,1.6847070798606336e-18
9009.936,-8.937288674435298e-19,2.5036322302370024e-18
9033.687,1.715855139850769e-18,1.921665772722896e-18
9034.025,-5.679930588825921e-19,1.6721451209428372e-18
9034.389,2.7421312149454796e-18,2.6818349133541048e-18
9034.439,-6.044369608587865e-18,2.1964469860412568e-18
9058.134,1.3441944829390116e-18,1.9313180485059546e-18
9058.475,3.827036391622545e-18,1.6299903053441638e-18
9058.501,-5.254621904358099e-19,2.1693163976477228e-18
9058.842,-2.3476047667478603e-18,2.6309034608403432e-18
9082.581,9.381939590082678e-19,1.9347510009274912e-18
9082.925,1.959441693381615e-18,1.5801842397263508e-18
9082.951,-8.84039386093894e-19,2.153029936053661e-18
9083.295,-2.8434508486705018e-18,2.601310115160862e-18
9107.028,-3.4702674322539553e-19,1.9644672034731587e-18
9107.374,1.3821185254272915e-18,1.5420894863797502e-18
9107.402,-1.1420756723788878e-18,2.1215698757661617e-18
9107.747,8.71943405127413e-19,2.4801606289363488e-18
9131.476,3.3364953136429806e-19,1.954060849124779e-18
9131.823,4.557991381770684e-18,1.5142947352173962e-18
9131.854,-2.6919145071472098e-18,2.1182127402463685e-18
9132.2,8.125398079100888e-19,2.4729773702350624e-18
9155.923,5.6222522220951536e-18,1.930255913052321e-18
9156.272,4.510026821193717e-18,1.4867894567086039e-18
9156.305,2.321964883319012e-18,2.130043341384523e-18
9156.653,-3.97269436702369e-18,2.437194012131323e-18
9180.37,4.137699079704141e-18,1.898683704907409e-18
9180.723,4.083823131329601e-18,1.4626383245767435e-18
9180.755,1.4534140779167309e-18,1.9774167488767382e-18
9181.106,4.2997127932518467e-19,2.435870182151002e-18
9204.817,5.622677360134112e-18,1.9255348224545205e-18
9205.172,4.547347174802675e-18,1.4351820096670212e-18
9205.206,9.428300825851628e-18,2.0489692428773167e-18
9205.56,3.8059184722494735e-18,2.4620691674110936e-18
9229.265,6.137328431818664e-18,1.9322779060867657e-18
9229.621,6.615528504726669e-18,1.4257781695304753e-18
9229.657,2.3445300214468925e-18,1.9209151057661826e-18
9230.012,3.7549054137492685e-18,2.465100311921599e-18
9253.712,4.713164457578866e-18,1.8981853373007264e-18
9254.071,6.5384091555663365e-18,1.4061557379881228e-18
9254.108,1.0503527235605788e-17,1.9861659948085433e-18
9254.465,6.954331690423432e-18,2.5359024493620117e-18
9278.159,6.634038009887285e-18,1.9225090013248405e-18
9278.5205,6.999180251569381e-18,1.3862019709070996e-18
9278.559,6.6618525007443604e-18,1.9397674687922616e-18
9278.918,3.720804150031058e-18,2.4536663719068706e-18
9302.602,5.310702242227165e-18,1.9608134591562e-18
9302.968,7.868875081265856e-18,1.398263113846472e-18
9303.007,3.836089669163313e-18,1.894270912785984e-18
9303.37,9.322553539384878e-18,2.5711249687904453e-18
9327.049,7.912693598118526e-18,1.883215206400636e-18
9327.409,8.90455543484222e-18,1.3921621271881307e-18
9327.457,8.657046393800245e-18,1.911091800243063e-18
9327.822,2.1704677644339845e-18,2.3688658743224075e-18
9351.495,1.0137603322718389e-17,1.8775390785179163e-18
9351.858,1.1261100926067591e-17,1.4223717219574856e-18
9351.908,6.716528823690807e-18,1.8676915087585362e-18
9352.274,8.90456325829435e-18,2.367073399783232e-18
9375.942,1.0230996055757389e-17,1.8262136882261054e-18
9376.309,9.982265889014058e-18,1.3798678503151615e-18
9376.359,5.719822046302054e-18,1.831741814192315e-18
9376.728,1.1959180301676623e-17,2.417915050860364e-18
9400.39,1.169314245171885e-17,1.814687969370261e-18
9400.758,1.1042207230105733e-17,1.3569453178357442e-18
9400.811,9.155995067986089e-18,1.8817427830395193e-18
9401.181,1.3179191720967844e-17,2.3864261179878424e-18
9424.837,1.0324010886448909e-17,1.74443252520177e-18
9425.207,1.1428497907847817e-17,1.3427761525707202e-18
9425.261,7.125929679946403e-18,1.835319568056398e-18
9425.634,1.3689492784623482e-17,2.2952698808971762e-18
9449.284,9.59760008316795e-18,1.7162969952674249e-18
9449.657,1.1742228777331853e-17,1.3456882595387062e-18
9449.712,9.028404585119371e-18,1.820008571476625e-18
9450.087,9.908288895027235e-18,2.2169113012517807e-18
9473.731,1.0248142803113552e-17,1.6653239912456763e-18
9474.106,1.0441209694999567e-17,1.3317405135990398e-18
9474.163,9.978471344329783e-18,1.8308075560655102e-18
9474.539,6.3790037257136064e-18,2.1056602742694e-18
9498.179,1.1123265951835773e-17,1.6317517442033562e-18
9498.556,7.82250811435562e-18,1.300445579614607e-18
9498.613,8.711502429830927e-18,1.835697024334608e-18
9498.992,9.611130775045039e-18,2.1245037937153055e-18
9522.626,9.078639599325988e-18,1.5931333017729294e-18
9523.006,8.598750623407902e-18,1.3037132906844037e-18
9523.064,1.2784142868387154e-17,1.8157746483435408e-18
9523.445,9.517107199567971e-18,2.0787167063681282e-18
9547.073,9.198814694203279e-18,1.5565107363181976e-18
9547.455,1.2311129158606816e-17,1.3503191979521027e-18
9547.516,9.466644919907248e-18,1.796646609907031e-18
9547.898,9.184345992447512e-18,2.0116777694641995e-18
9571.5205,9.238260283626462e-18,1.52926580729767e-18
9571.904,1.3262902074082984e-17,1.3390752304669283e-18
9571.967,1.2292394932504634e-17,1.8114381761476814e-18
9572.352,9.680565595303845e-18,2.0145452923000462e-18
9595.968,8.375044285474484e-18,1.486605117391807e-18
9596.354,1.1171024848429526e-17,1.3143707306428804e-18
9596.418,9.012016015206276e-18,1.790559129941083e-18
9596.804,9.687243350654061e-18,1.9323066378893737e-18
9619.547,7.953614532178615e-18,1.2694783992464342e-18
9620.415,7.788763919178663e-18,1.4518206291120977e-18
9620.868,6.863413634100976e-18,1.7520476997214104e-18
9621.257,6.916641272118715e-18,1.843239343208183e-18
9644.862,9.64430332954571e-18,1.4262729965233214e-18
9645.319,8.054937826363748e-18,1.7842850142100502e-18
9645.71,1.1343949118707519e-17,1.880273515535345e-18
9646.449,5.678320997369862e-18,1.2526031742079247e-18
9669.31,1.0761866644653148e-17,1.4050795248261234e-18
9669.702,9.21563894110607e-18,1.285895069673274e-18
9669.7705,5.7236096840730495e-18,1.773015420649603e-18
9670.158,-5.540558737401678e-19,1.929859353113597e-18
9693.757,9.595463386355477e-18,1.387533353346727e-18
9694.152,1.1724666214130044e-17,1.3034718595108472e-18
9694.221,1.1902819787237078e-17,1.805561539689997e-18
9694.626,3.792465677296461e-18,1.765948045221521e-18
9717.023,1.0114571758481544e-17,1.3558068067998688e-18
9718.558,1.095055903202291e-17,1.3122562236221025e-18
9718.672,2.1365162204211218e-18,1.718018450079099e-18
9719.069,5.8212298309083054e-18,1.6968318979758155e-18
9743.089,9.844704487539168e-18,1.3208094144455204e-18
9743.123,6.057138582348679e-18,1.7676054330846666e-18
9743.522,6.0548562205949866e-18,1.6757616745871997e-18
9743.724,7.893659231720572e-18,1.3054870615356088e-18
9767.099,8.976296233685544e-18,1.2843971349749344e-18
9767.481,-7.17019658861987e-19,1.747493909772285e-18
9767.5,9.820335801859495e-18,1.294911638635298e-18
9767.725,4.401758746100189e-18,1.695414698652067e-18
9790.954,9.667759335047979e-18,1.2715887646079532e-18
9791.546,1.1503720346662508e-17,1.2845521565764806e-18
9792.211,8.816920569039028e-18,1.7978802037096377e-18
9792.853,3.4262907353786587e-18,1.6455989598627227e-18
9815.993,1.1492830061483214e-17,1.2788369991599634e-18
9816.476,1.2116416901487079e-17,1.830191185854407e-18
9816.881,1.0468288476925731e-17,1.6038605167311514e-18
9817.289,9.561958359375475e-18,1.3107504515605085e-18
9840.44,8.530824120095777e-18,1.2229281645797322e-18
9840.849,8.535741203671644e-18,1.3108372718781446e-18
9840.926,7.891558027153824e-18,1.7887282386452587e-18
9841.1875,8.429657969426951e-18,1.6601303632770238e-18
9864.889,7.113330966215405e-18,1.183736417596779e-18
9865.257,1.2528322527342711e-17,1.9543778735105054e-18
9865.298,9.189733905238771e-18,1.2859876593058376e-18
9866.037,7.268740583281397e-18,1.5486259226701918e-18
9889.035,8.767642751747455e-18,1.1947820664672458e-18
9889.748,9.038370560283531e-18,1.3079444913776602e-18
9890.08,9.202029580256337e-18,1.853681390444282e-18
9890.24,9.727803743870419e-18,1.5301636400413058e-18
9914.046,8.35157121136627e-18,1.1945381340398539e-18
9914.197,9.675181251839999e-18,1.345375207576248e-18
9914.278,9.424621936615171e-18,1.868996810925493e-18
9914.693,1.0573087449177442e-17,1.550465378220122e-18
9938.23,8.017916974599735e-18,1.151032305030823e-18
9938.548,6.901430397079917e-18,2.0553867388308252e-18
9938.646,1.1811979913587166e-17,1.3874640884216742e-18
9939.146,1.1276967310687557e-17,1.5341512056816455e-18
9962.678,1.0120052834754829e-17,1.151405957873435e-18
9963.096,1.1816420725330429e-17,1.4054143223432353e-18
9963.6,1.136616609108067e-17,1.5118007432007213e-18
9963.626,5.958769471460754e-18,1.9029135389049794e-18
9987.125,1.040138965835212e-17,1.1362578145227331e-18
9987.545,1.1062478076449316e-17,1.3730712448254517e-18
9987.631,1.1774429455003458e-17,1.8979943365072164e-18
9988.053,7.450512009102915e-18,1.4595866900566662e-18
10011.554,1.0908372841107736e-17,1.120241668365337e-18
10011.994,1.1993742618835392e-17,1.3615463326340665e-18
10012.082,1.1425594444030222e-17,1.8887608788029166e-18
10012.506,9.46145515189951e-18,1.4500525791437851e-18
10036.038,1.0329907243580297e-17,1.115166567260681e-18
10036.444,1.0528176285068675e-17,1.3520016832402282e-18
10036.532,9.516656159296768e-18,1.8364692331050382e-18
10036.959,1.2310479161109476e-17,1.4607997327303448e-18
10060.467,8.88804976267423e-18,1.101297688426747e-18
10060.894,8.240101462511747e-18,1.3560012551244147e-18
10060.983,1.01841698722574e-17,1.913767327258864e-18
10061.411,1.1106846624048129e-17,1.4131312558440258e-18
10084.914,1.0651659977770414e-17,1.103756476031836e-18
10085.343,1.0707310787808554e-17,1.4081368778166469e-18
10085.435,1.0581890101533396e-17,1.918909110108933e-18
10085.864,1.1513463413087642e-17,1.4342276668233281e-18
10109.362,1.3372787192862704e-17,1.1205380745091656e-18
10109.792,1.35115864231317e-17,1.4313741123959328e-18
10109.885,1.2714711887143504e-17,2.014593226885834e-18
10110.318,1.2602737039647912e-17,1.4586439038647616e-18
10133.81,1.1967369580858169e-17,1.1138786631717417e-18
10134.241,1.2976054256298148e-17,1.4383631921058549e-18
10134.336,1.3284567744429261e-17,1.973298931905728e-18
10134.7705,1.0463970400874767e-17,1.4181426351190237e-18
10158.257,1.0870154620205299e-17,1.095243785170422e-18
10158.69,1.3170086732753945e-17,1.4548109859407828e-18
10158.786,8.59929920274811e-18,1.9312775228158677e-18
10159.224,8.429710870386836e-18,1.3373327211088878e-18
10182.704,1.2210205651885006e-17,1.0888657422652604e-18
10183.141,1.2591332385028157e-17,1.4353538028622581e-18
10183.237,1.3316604503826267e-17,2.0165272590139902e-18
10183.677,1.2234375871106566e-17,1.419632254091246e-18
10207.124,1.162872671563175e-17,1.4352294449694907e-18
10207.15,1.2417931119535786e-17,1.086944681544885e-18
10207.6875,1.359212627415937e-17,2.098623625918974e-18
10208.13,1.1096324266002018e-17,1.3636400295078359e-18
10231.589,1.1146103298900808e-17,1.053826989819826e-18
10232.138,9.659402514737078e-18,1.9221161872516945e-18
10232.424,1.2711040385604278e-17,1.4915051598830715e-18
10232.581,1.1385347817730654e-17,1.3326110794722426e-18
10256.036,1.0513670856919771e-17,1.0324955573259172e-18
10256.483,1.3215043389781037e-17,1.4380944853205222e-18
10256.588,1.3426376905548456e-17,1.920347545273901e-18
10257.032,1.1841191348841567e-17,1.3580196232932088e-18
10280.483,9.913249312343181e-18,1.0115090848252793e-18
10280.933,1.269869043134226e-17,1.395358180080378e-18
10281.038,7.878421213307958e-18,1.7888343469915063e-18
10281.486,1.044743499023961e-17,1.2909979576345526e-18
10303.589,9.951587666933475e-18,9.937085878957216e-19
10305.382,1.0453691843154241e-17,1.3416105932736259e-18
10305.489,1.0985564763979582e-17,1.7944559647274157e-18
10305.938,1.0495204399341664e-17,1.279820493774967e-18
10329.831,1.0562390524264402e-17,1.312515054517125e-18
10329.94,1.3436405969484815e-17,1.7810285128096346e-18
10330.27,8.424044597612017e-18,9.641179737074582e-19
10330.392,1.1996887604896789e-17,1.2767975540213241e-18
10354.182,9.834572500143555e-18,1.0285243890751386e-18
10354.28,1.1294758015904074e-17,1.3013748639106333e-18
10354.387,9.906293898218387e-18,1.7669556904041324e-18
10354.845,8.604687309329618e-18,1.2450229795243125e-18
10378.272,8.447319336660906e-18,9.968553943077064e-19
10378.7295,1.145153192912188e-17,1.3007364904111178e-18
10378.856,8.841063251037253e-18,1.6511337963782186e-18
10379.298,1.1126481049894814e-17,1.2969696945974532e-18
10402.23,1.1296935176484977e-17,1.3212254720232115e-18
10402.72,7.784149366950296e-18,9.862885072533612e-19
10403.293,1.0124680613812332e-17,1.6663558823059059e-18
10403.751,7.600382504240824e-18,1.2636614967195612e-18
10427.168,8.250455850513968e-18,1.0029381480362077e-18
10427.743,1.097343662668379e-17,1.6547580654521943e-18
10428.204,9.265021298485039e-18,1.3020367261690618e-18
10428.464,7.649240216135853e-18,1.3124409911455129e-18
10451.615,7.394624247898082e-18,1.0075129389162526e-18
10452.078,7.269350747454296e-18,1.2700426661587669e-18
10452.194,9.58985986150097e-18,1.6211869637880598e-18
10452.657,9.085982424036572e-18,1.2544485018460108e-18
10476.0625,6.376562965642215e-18,1.0141847910004682e-18
10476.527,9.09684023167239e-18,1.224349938256345e-18
10476.645,1.0956391471683063e-17,1.5871137205604223e-18
10477.11,6.774973100248084e-18,1.3251590753983457e-18
10499.1455,3.3923555102207688e-18,9.863771972208842e-19
10500.977,6.7514938409586485e-18,1.1846467890193685e-18
10501.096,1.0023406214288951e-17,1.574289856865925e-18
10501.563,6.185111207143432e-18,1.2672793207311145e-18
10524.363,5.852867063486521e-18,1.1824872494328326e-18
10525.547,6.940362622218104e-18,1.5387678987240869e-18
10526.017,7.806670338920247e-18,1.2861184409222275e-18
10526.239,2.1662780844303457e-18,9.872439419009807e-19
10549.404,4.290963303646024e-18,1.0473352752951218e-18
10549.942,7.938876382694826e-18,1.6107479280200885e-18
10550.47,9.367885571087003e-18,1.298868550480465e-18
10550.848,5.420846671957151e-18,1.188676991210922e-18
10573.852,5.701943864873312e-18,1.0456216812158745e-18
10574.325,4.9310885749527385e-18,1.1397260991716866e-18
10574.579,3.1203537391379718e-18,1.52606138751254e-18
10574.923,8.713930212560086e-18,1.3215340238006513e-18
10598.299,4.407651652848616e-18,1.0512990008221919e-18
10598.774,5.712795318470101e-18,1.115053849197038e-18
10598.899,7.226930091286692e-18,1.4995999902229676e-18
10599.363,4.544419307373823e-18,1.3672240811364208e-18
10620.195,3.1428086782037467e-18,9.983340106403403e-19
10623.223999999998,5.8413910999636274e-18,1.0913612185536286e-18
10623.351,6.633547588251749e-18,1.4544307842457191e-18
10623.616000000002,7.370531108214198e-18,1.4255442424387505e-18
10647.673,4.9410569863415845e-18,1.0675796068153265e-18
10647.801,7.819750180752755e-18,1.4602538990345218e-18
10648.673,5.592875471517532e-18,1.3178479426882144e-18
10649.726,1.2823346681063959e-18,9.700435582288456e-19
10671.641,1.538105563184264e-18,1.0306511767047654e-18
10672.123,3.759701671706967e-18,1.0471057080918207e-18
10672.187,9.426894301361011e-18,1.4977543103913772e-18
10672.734,2.880361540526217e-18,1.3048502632171202e-18
10696.088,3.664363187120476e-18,1.0177552916671931e-18
10696.572,3.893977226693103e-18,1.0162296099721304e-18
10696.83,4.897810282345696e-18,1.3824562394724742e-18
10697.1875,5.42138064010611e-18,1.334130221866381e-18
10720.535,3.0226084688248465e-18,1.01531479585032e-18
10721.021,3.826004995596053e-18,9.988568345043013e-19
10721.078,3.7072608712123475e-18,1.3479895011922693e-18
10721.641,3.523039141451311e-18,1.3700885698404393e-18
10744.982,2.864045240604097e-18,1.0329525090524388e-18
10745.471,2.0972944205445387e-18,9.92994010037768e-19
10745.734,5.46198611964326e-18,1.3672723409015325e-18
10746.094,2.3095604865941336e-18,1.3648805493317218e-18
10769.431,3.3596933802018492e-18,1.0524255150201215e-18
10769.921,2.313575175952383e-18,9.68594289612379e-19
10770.056,4.11700769453985e-18,1.3025984854318565e-18
10770.547,-3.2161225238236684e-19,1.3892289473803289e-18
10793.878,3.959877754365296e-18,1.036553126564658e-18
10794.37,3.656893476247468e-18,9.49098847880111e-19
10794.506,3.68119918138015e-18,1.3094833336315838e-18
10794.999,-5.127091256897371e-19,1.3729886457509498e-18
10818.325,3.742982638588218e-18,1.0457694492620974e-18
10818.819,4.6577137824126345e-18,9.40550777114644e-19
10818.957,9.94452894705309e-19,1.2943483975100298e-18
10819.452,5.942155095792867e-19,1.3777252626245946e-18
10842.772,2.8359085644592333e-18,1.0622402588848487e-18
10843.27,5.100078555275655e-18,9.25821415845255e-19
10843.408,1.7325451943306012e-18,1.2660933697289303e-18
10843.905,1.1612458691855709e-18,1.4132270892678725e-18
10867.22,3.9433948824645495e-18,1.0781884076991647e-18
10867.719,3.690645131763136e-18,9.104783978257264e-19
10867.859,-3.250704327860181e-19,1.2614373573505486e-18
10868.358,1.9456354301158504e-18,1.3672055693214509e-18
10891.667,3.5287364921161945e-18,1.0612990401881983e-18
10892.168,4.396245755871342e-18,9.11301452540275e-19
10892.311000000003,1.2314172799577518e-18,1.249108986474918e-18
10892.812,1.8125300664110725e-18,1.401878488652548e-18
10916.114,4.622418495563605e-18,1.0776153215132684e-18
10916.617,4.524489531327027e-18,9.015982608036995e-19
10916.761,2.725329359928165e-18,1.2031473521068846e-18
10917.265,5.4462608209229576e-18,1.458258105610717e-18
10940.562,5.956367132666493e-18,1.093485674134543e-18
10941.067,5.771755565814821e-18,8.906170113806373e-19
10941.212,3.967985949985722e-18,1.2139023029366195e-18
10941.717,3.4506600349320458e-18,1.4745966636446009e-18
10965.008999999998,6.2626338469034604e-18,1.1117734868104908e-18
10965.517,4.051384910502169e-18,8.715109982113667e-19
10965.663,6.6320128996739655e-18,1.1995346938828688e-18
10966.17,4.196532395185983e-18,1.4806759037702747e-18
10989.456,2.5905576701613427e-18,1.09804737250518e-18
10989.966,3.34692790537492e-18,8.615384284342825e-19
10990.114,8.630549796592494e-19,1.1475062731823992e-18
10990.623,6.981596996300848e-19,1.4142346843074158e-18
11013.902,2.6662868323725358e-18,1.110457372261426e-18
11014.416,4.303500249428364e-18,8.621493273486095e-19
11014.565,3.0518735928214907e-18,1.1674715380968684e-18
11015.076,1.8838199633632406e-18,1.4264402912607044e-18
11038.35,4.814123434210276e-18,1.1220440624414943e-18
11038.865,4.427121202721544e-18,8.6420029954865695e-19
11039.016,6.4847298619626165e-19,1.1652665991084438e-18
11039.529,2.6571325816413165e-18,1.4375100624749406e-18
11062.797,5.1210862909763e-18,1.1369067466501548e-18
11063.313999999997,3.841706515624489e-18,8.574819550959869e-19
11063.467,3.2515061522384656e-18,1.1781058055515842e-18
11063.981000000002,5.027970171629856e-18,1.472225992335859e-18
11087.244,3.75633857266374e-18,1.1387363126740812e-18
11087.765,3.1209771014087098e-18,8.482109287846841e-19
11087.918,3.5376987574074265e-18,1.1330521046932562e-18
11088.435,1.486075872209166e-18,1.4805747518947099e-18
11111.691,2.0290381375137643e-18,1.1422503899004805e-18
11112.214,2.3393001848465814e-18,8.397757537791533e-19
11112.368,2.498921210594741e-18,1.1195657982687711e-18
11112.888,1.5216501960879444e-18,1.4682968999301914e-18
11136.139,4.209798256751284e-18,1.2283688322849222e-18
11136.663,2.8358974956742563e-18,8.280751779108958e-19
11136.817,2.3787255809462164e-18,1.130843272046188e-18
11137.341,-1.0715937927735774e-18,1.5274453565164646e-18
11150.0625,2.0090726636530265e-18,1.9356007284623928e-19
11160.581,4.007506656520525e-18,1.1773255553174602e-18
11161.107,3.6728425147253856e-18,8.466153012237143e-19
11161.267,1.0004171403721927e-18,1.1155078442023612e-18
11161.792,3.5727880140889745e-18,1.4953311776315185e-18
11185.028,2.2255469293464345e-18,1.143166768253364e-18
11185.552,3.2925138885818694e-18,8.352780358642948e-19
11185.718,2.0615585235758898e-18,1.1275517451959948e-18
11186.244,1.5361135862267248e-18,1.4588474608433557e-18
11195.993,1.4193837393781366e-18,2.3664652728588667e-19
11196.242,2.1603587123854717e-18,2.0838793337983053e-19
11196.545,1.5964513322252598e-18,2.6099315343751507e-19
11196.793,1.8726398149504595e-18,1.8357629860479292e-19
11209.476,1.9459282660350426e-18,1.1226564566048348e-18
11210.001,3.304336965554106e-18,8.3713940349296015e-19
11210.168,1.6350593914588027e-18,1.1121577657742953e-18
11210.697,2.6476496851269157e-19,1.4386750528860827e-18
11233.923,2.3049317407182205e-18,1.0948329025681213e-18
11234.451,3.2164811471385392e-18,8.3096279433694e-19
11234.619,-2.2886363042043117e-18,1.1019602557873769e-18
11235.15,7.181222778013914e-19,1.4173345612744206e-18
11242.714,2.235485947096786e-18,2.3445749589633756e-19
11242.97,2.120354107299361e-18,2.0614076379732658e-19
11243.268999999998,1.7119957752190844e-18,2.5941317412871796e-19
11243.523,2.144875981420736e-18,1.8103315261761158e-19
11258.37,2.95554358566339e-18,1.0820918684658221e-18
11258.9,2.1050410073139035e-18,8.25133222742175e-19
11259.07,-1.5053324503523228e-18,1.0871700879777187e-18
11259.604,1.8016704275932378e-18,1.3992314258639326e-18
11282.816,2.0152522336192403e-18,1.064092292946793e-18
11283.35,1.768465024363674e-18,8.315919250224893e-19
11283.521,4.6888099489450175e-18,1.1258479234064659e-18
11284.056,1.0326227766503153e-18,1.3702711706798165e-18
11289.435,2.5244859192082794e-18,2.3320730395434996e-19
11289.697,2.0384053785975652e-18,2.037530513760728e-19
11289.993,1.8234518323989086e-18,2.5749719705531985e-19
11290.255,2.1040075394936336e-18,1.7734261827262174e-19
11336.155,2.058692005787065e-18,2.244030151119336e-19
11336.426,2.008893473522394e-18,2.019802867448791e-19
11336.717,1.5609709647898336e-18,2.530545313667451e-19
11336.985,2.0055671023373663e-18,1.7345958631823548e-19
11382.876,2.0787723757099073e-18,2.2068231467362156e-19
11383.154,2.108369562573321e-18,2.0075515938778398e-19
11383.438999999997,1.5931418152582557e-18,2.5385485395924196e-19
11383.717,2.067896348608588e-18,1.6946652077178033e-19
11429.597,2.8261070639970077e-18,2.228350942533493e-19
11429.882,2.161239782749252e-18,2.0016491996196443e-19
11430.163,2.1371393631603944e-18,2.5487294358276484e-19
11430.447,2.163906045497886e-18,1.6759422264415864e-19
11476.318,2.370201099135648e-18,2.2196824826541384e-19
11476.609,2.471908604574363e-18,2.0273366906287002e-19
11476.887,2.1836671917725638e-18,2.536433691752214e-19
11477.178999999998,2.3511180838774945e-18,1.6737189988075043e-19
11523.039,2.1755219772634766e-18,2.1622816205990852e-19
11523.338,2.6695090956962054e-18,2.057058006123915e-19
11523.61,2.2750238793396763e-18,2.5643018917353893e-19
11523.909,2.6298056904573412e-18,1.6878504630695748e-19
11569.76,2.282915205163149e-18,2.1664730004234102e-19
11570.065,2.440375384335697e-18,2.029903274774565e-19
11570.334,2.537298177428661e-18,2.5753620968762415e-19
11570.641,2.511558062043761e-18,1.66231019294732e-19
11616.48,2.1208006340477383e-18,2.1100692312482996e-19
11616.793,2.4471042630280772e-18,2.030024159633453e-19
11617.058,2.5347343399348832e-18,2.6115096069132095e-19
11617.371,2.65404322772398e-18,1.6503951438139242e-19
11663.201,2.3287813216080315e-18,2.0990635976453867e-19
11663.521,2.5640363962453047e-18,2.0297596722706563e-19
11663.694,2.096035923093817e-18,2.662093393784813e-19
11664.102,2.6685790959141174e-18,1.6271995820143008e-19
11707.306,1.8799045762745604e-18,1.4834703182534352e-19
11709.922,2.9515819643594354e-18,2.0696973751925556e-19
11710.25,2.497258485311998e-18,1.997865749640164e-19
11710.508999999998,1.664709587508689e-18,2.9664488875986434e-19
11756.643,2.7486205921359926e-18,1.9835890003848195e-19
11756.978,2.436641035633195e-18,1.961892985855202e-19
11758.369,2.083064492043014e-18,2.4587088090349364e-19
11760.425,1.9227463677149247e-18,1.4165909575512433e-19
11803.363,2.8307504673608245e-18,1.9679808847265122e-19
11803.705,2.5905760728771726e-18,1.956305688540807e-19
11803.952,3.0264465365587718e-18,2.510614444177217e-19
11804.765,2.8084288388165307e-18,1.578886522190713e-19
11850.085,2.752118619884085e-18,1.9165071407221227e-19
11850.434,2.6796208400675778e-18,1.9571459922975224e-19
11850.676,2.2620222774030903e-18,2.4841168661997134e-19
11851.025,2.6960172385830755e-18,1.5145040972089654e-19
11895.186000000003,2.6802804470742216e-18,2.004575153314153e-19
11896.357,2.4518706213630734e-18,1.8484033302620496e-19
11897.399,2.667746389659277e-18,2.5073674818787433e-19
11897.757,2.492833296989234e-18,1.4798649715100948e-19
11943.133,2.898355636471942e-18,2.1390038109965046e-19
11944.083,2.7005103440223333e-18,1.889206426158162e-19
11944.122,2.1775578980973687e-18,2.451033945377826e-19
11944.487,2.4009537880412895e-18,1.4751296045349373e-19
11990.247,2.32922711108008e-18,1.7983624616840128e-19
11990.846,2.952229047341844e-18,2.461916933497898e-19
11991.219,2.2028316929001336e-18,1.4562973831726535e-19
11992.234,2.4221409837266774e-18,1.9850531312313836e-19
12035.686000000003,5.616274287933882e-19,3.2935962786594373e-19
12036.968,2.5998833063999394e-18,1.826574164925914e-19
12037.344,2.347892810252515e-18,1.8919045962135756e-19
12037.949,2.314684167502703e-18,1.4368571407696414e-19
12077.798,2.0996634257715544e-18,1.3208648265776015e-19
12083.6875,2.1911324987190645e-18,1.7601197219342963e-19
12084.07,2.2692657917911052e-18,1.8682062303407387e-19
12087.176,2.1660786330778785e-18,2.406797855085802e-19
12130.407,2.6957119847375997e-18,1.796141607871445e-19
12130.798,2.0761538680007243e-18,1.8549669446220803e-19
12130.871,1.0771137113363057e-18,2.9703056769617213e-19
12138.754,1.964473635530894e-18,1.248305290851355e-19
12177.128,2.5426997516359955e-18,1.7594931803158818e-19
12177.526000000002,2.2221748723733722e-18,1.8461243729724525e-19
12177.726,2.2526225091325565e-18,1.3840123597869904e-19
12178.919,2.0120063588610356e-18,2.2970408508774994e-19
12222.851,1.6450016173674505e-18,1.8767198493795406e-19
12224.254,2.387051046268255e-18,1.8136162515899438e-19
12224.464,2.174305939913318e-18,2.2707182551430787e-19
12225.268,2.002834147745417e-18,1.3359876797537296e-19
12261.2705,1.796231562876903e-18,1.7478727929131393e-19
12271.1875,2.1411127147170247e-18,2.2282591763236576e-19
12271.596,1.9752144570788203e-18,1.3040663814419587e-19
12272.379,2.0028406169696705e-18,1.7029016924173911e-19
12316.805,1.928680194485513e-18,1.666101756521829e-19
12317.91,2.3095208450003543e-18,2.193608064501767e-19
12318.327,2.31118165360977e-18,1.326792980351644e-19
12327.201,1.4313784515327606e-18,1.7723673833011038e-19
12362.494,2.129333401679151e-18,1.701192159006139e-19
12364.618,1.6445356186939137e-18,1.614408079567257e-19
12364.633999999998,1.744819730412522e-18,2.1029247059023898e-19
12365.058,2.154397467055415e-18,1.2919462742722842e-19
12410.731000000002,1.7663162245643254e-18,1.6204736284818742e-19
12411.357,1.609960678504409e-18,2.0726615745142423e-19
12411.789,1.86483867502084e-18,1.2643033921284342e-19
12412.801,2.1134197313070944e-18,1.682180482934936e-19
12457.453,1.7957533907413942e-18,1.6050215115346844e-19
12457.893999999998,1.938863894389882e-18,1.5941827046713973e-19
12458.081,1.4982059563552235e-18,2.0214030291055282e-19
12458.52,1.6333846843365599e-18,1.2420637519432351e-19
12504.174,1.5954713254756962e-18,1.583723979107937e-19
12504.621,1.83006691151732e-18,1.5652277072831412e-19
12504.805,1.9393952115256184e-18,2.030278564152738e-19
12505.251,1.5042595233387235e-18,1.2339508024062275e-19
12550.895,1.3799135167176326e-18,1.561590440015613e-19
12551.35,1.7606480535418695e-18,1.5320371152820454e-19
12551.529,1.6951830395091573e-18,1.9884868266589516e-19
12551.981000000002,1.4802150119318561e-18,1.2223627422383826e-19
12597.615,1.165825169720919e-18,1.5598032080606935e-19
12598.077,1.6863993258612644e-18,1.511804844939821e-19
12598.253,1.3212181574206715e-18,1.9380031757179153e-19
12598.713,1.5926402441757433e-18,1.2295214641594745e-19
12644.336,1.024977545826639e-18,1.5453584100141197e-19
12644.805,1.5018492552802077e-18,1.487315540224111e-19
12644.977,1.4922371539137182e-18,1.924451401914552e-19
12645.443,1.2514404297138174e-18,1.21238779589804e-19
12691.007,1.4890605539830813e-18,1.6007135186213686e-19
12691.533,1.1005463559687957e-18,1.439976271688688e-19
12691.699,1.3416773725077573e-18,1.8916125861167012e-19
12692.175,1.2309587262864743e-18,1.2072018198917808e-19
12737.837,1.4397565512486712e-18,1.5679163700331608e-19
12738.261,1.0708184068416053e-18,1.4015929551442577e-19
12738.423,1.2233480106640428e-18,1.8702388708814166e-19
12738.905,1.490722842042136e-18,1.2109198987402398e-19
12784.498,9.186644413570594e-19,1.5217058711788313e-19
12784.988,1.0467167625052697e-18,1.3612831257203545e-19
12785.146,1.051646948638515e-18,1.7752517454389039e-19
12785.636,1.3228454359834238e-18,1.1964118516487835e-19
12831.22,9.250990998009306e-19,1.512629121324018e-19
12831.717,1.0789809803125513e-18,1.3441761593133091e-19
12831.87,9.093108371885047e-19,1.7464561033289638e-19
12832.367,1.1297329742906078e-18,1.18643692805395e-19
12877.94,1.0639465857285855e-18,1.548329151679416e-19
12878.445,9.831955116032901e-19,1.3237826056165984e-19
12878.594,1.0240145683203115e-18,1.715025418779069e-19
12879.098,1.1040764128423054e-18,1.1715877408446465e-19
12924.661,1.096414681599356e-18,1.526692327417714e-19
12925.173,1.1309584949168405e-18,1.3165653926793412e-19
12925.317,5.281591723433121e-19,1.696192952703363e-19
12925.829,1.0256678178614516e-18,1.1608154741060483e-19
12971.382,8.120388667985504e-19,1.4718228083078955e-19
12971.9,1.2845229609247457e-18,1.3101123178269136e-19
12972.041,8.44757129835442e-19,1.6946155653517608e-19
12972.56,1.0952170367050525e-18,1.1674112356619275e-19
13018.103,1.252650999752899e-18,1.50612458895437e-19
13018.629,1.2509702670263023e-18,1.2964498445693336e-19
13018.765,1.0110595945878968e-18,1.665631835258853e-19
13019.29,9.447129462283093e-19,1.163505780454441e-19
13064.789,1.1450774308765724e-18,1.500953679502851e-19
13065.356000000002,1.1775803951939401e-18,1.2552652030330992e-19
13065.489,9.882299667660457e-19,1.627183221909971e-19
13066.021,8.770918681476099e-19,1.154970743225352e-19
13111.586,1.1454361944493768e-18,1.498049285000965e-19
13111.652,4.729745512355897e-19,1.7422162452289734e-19
13112.085,9.573075426513091e-19,1.2211827039381914e-19
13112.752,8.413544039317419e-19,1.1308123035996906e-19
13158.265,9.497588776892923e-19,1.487695864124641e-19
13158.798,1.0975517706098204e-18,1.1665926099985815e-19
13158.8125,7.313815280004539e-19,1.184532541594193e-19
13159.999,5.25183999877758e-19,1.5468190356871348e-19
13204.985,6.998659364084025e-19,1.445143546471777e-19
13205.541,6.874486116562953e-19,1.1775964160857514e-19
13205.659,8.201171065522768e-19,1.5417808257985221e-19
13206.869,1.1590976904333305e-18,1.179502822222178e-19
13251.706,5.158284456464831e-19,1.4499666422548284e-19
13252.268999999998,9.069178449915643e-19,1.1716880446116203e-19
13252.383,8.323973116544342e-19,1.497909736394852e-19
13252.945,7.874596936263091e-19,1.1136728587011043e-19
13297.973,5.774073245952589e-19,1.5662729308142738e-19
13298.996,8.603652616086049e-19,1.1440037926244353e-19
13299.106000000002,6.729432114082178e-19,1.4606403551419101e-19
13299.676,7.616332084342683e-19,1.1173582815509623e-19
13343.838,7.244132301708799e-19,1.1245484958760303e-19
13345.83,6.253563014440807e-19,1.4716742523454038e-19
13345.851,5.58836615442077e-19,1.4756244123805477e-19
13346.407,8.674392466054478e-19,1.1259545704014971e-19
13391.868,3.631423432173451e-19,1.4715628243665313e-19
13392.553999999998,4.080238130966236e-19,1.485113524667106e-19
13393.138,7.145705525055731e-19,1.1263314280282163e-19
13394.226,7.887124685330375e-19,1.118881170374761e-19
13438.589,7.627332607913582e-19,1.4564048816445472e-19
13439.181,7.6912554179768585e-19,1.0990877625158239e-19
13439.277,5.960480836815709e-19,1.421445093746063e-19
13439.868,4.194012837971446e-19,1.118315847642564e-19
13485.31,6.227436784106944e-19,1.431289881891494e-19
13485.909,5.867472469280803e-19,1.0629904206124047e-19
13486.002,1.0017993455880132e-18,1.4094065819322732e-19
13486.6,6.333426547952509e-19,1.127103928918968e-19
13532.013,6.354065769309917e-19,1.4439100771223378e-19
13532.637,7.631767706182507e-19,1.0540915818671904e-19
13532.726,5.384761846224934e-19,1.3611182089942285e-19
13533.33,8.913024467208548e-19,1.1369272997418518e-19
13578.774,7.128929811474153e-19,1.4558955588417313e-19
13579.364,6.216439470021202e-19,1.043329095887159e-19
13579.448,6.9703289063423385e-19,1.3819818506557557e-19
13580.061000000003,7.5876317654365545e-19,1.1195279394914333e-19
13625.472,7.630043424375804e-19,1.444862122796703e-19
13626.093,2.1827224721943387e-19,1.0464518214015646e-19
13626.172,4.948973095546475e-19,1.3456566406273025e-19
13626.792,7.258241249543842e-19,1.133295979222429e-19
13672.192,1.03025344221642e-18,1.4763796556409528e-19
13672.567,6.735719483935855e-19,1.4259903044995053e-19
13672.821000000002,2.694891652551108e-19,1.0584867207926452e-19
13673.522,6.234433571430672e-19,1.1258497863412304e-19
13718.913,8.060345943203288e-19,1.4848887401588464e-19
13719.549,6.344905887531132e-19,1.0397531796339707e-19
13720.088,3.9040113781717475e-19,1.3381868646401786e-19
13720.253,5.758607997516061e-19,1.125930153629202e-19
13765.635,7.323555522612319e-19,1.480727379585663e-19
13766.276000000002,5.798702044963496e-19,1.0167462085807957e-19
13766.343,7.340504902946146e-19,1.3293169217218897e-19
13766.984,4.714213916853117e-19,1.1302299437589342e-19
13812.355,6.373978607380395e-19,1.4840502669313397e-19
13813.005,4.501667357219334e-19,1.0097339968775655e-19
13813.066,6.919325688399571e-19,1.3338491504842363e-19
13813.715,5.602234243727696e-19,1.1531834311114523e-19
13858.538,7.107244679848383e-19,1.8042548158084497e-19
13859.732,4.287538315918274e-19,1.0046616877602383e-19
13859.791,5.124731846690564e-19,1.30271753930845e-19
13860.445,7.042443166526443e-19,1.1592701948976227e-19
13906.03,5.69786501854381e-19,1.0076190160918438e-19
13906.515,2.435657584705564e-19,1.3269525166254632e-19
13907.091,4.725584385220574e-19,1.512481753743393e-19
13907.165,7.631690053413424e-19,1.1607611456768234e-19
13952.518,7.413526221021784e-19,1.5203729609069872e-19
13953.238,3.5615805310931205e-19,1.2866322919813618e-19
13953.6045,4.763685070286833e-19,9.979939210500541e-20
13953.918,6.232533690757007e-19,1.156954055301853e-19
13999.238,6.218926356915569e-19,1.5101067647189416e-19
13999.917,3.735811406948719e-19,9.746267536556476e-20
13999.962,4.79753802000388e-19,1.2500782505245319e-19
14000.639,6.92371337458865e-19,1.164468862536622e-19
14045.959,6.026033592811634e-19,1.5077723384405406e-19
14046.645,5.581833177559369e-19,9.638394515357322e-20
14046.686000000003,4.900817439219556e-19,1.2204659614569426e-19
14047.008999999998,7.107887077540421e-19,1.1639961624763268e-19
14092.68,7.064935894500233e-19,1.523468462414015e-19
14093.372,5.62063806109409e-19,9.551732261506199e-20
14093.408,6.124159706879375e-19,1.2154869317650786e-19
14094.409,6.484715309618599e-19,1.1610666906816698e-19
14139.4,6.76266130731028e-19,1.5393719605150042e-19
14140.101,3.768034552698909e-19,9.49931469884542e-20
14140.132,7.372510666323451e-19,1.2144415497897187e-19
14140.83,6.733238388646325e-19,1.1439275665649284e-19
14186.121,4.614193530947497e-19,1.500340960598467e-19
14186.828,2.1508526499259563e-19,9.512582256724279e-20
14186.855,1.0227022738440129e-18,1.2178372086681426e-19
14187.562,7.63827096344024e-19,1.1563937132838135e-19
14232.842,6.342500348939308e-19,1.4901741703278043e-19
14233.557,2.978809738181275e-19,9.122678075114261e-20
14233.579,7.293431946338708e-19,1.19685468053099e-19
14234.292,1.1328927078079675e-18,1.1832433433834921e-19
14279.5625,8.062650575463293e-19,1.514752809947911e-19
14280.284,4.949967591541666e-19,8.947903748349942e-20
14280.303999999998,9.406812670006807e-19,1.1923930528340085e-19
14281.022,1.073230204670867e-18,1.17815249174114e-19
14326.283,1.0142983518003553e-18,1.525706770058182e-19
14327.013,7.3630425283800215e-19,9.023603503993871e-20
14327.027,7.45731302826398e-19,1.2120936953305632e-19
14327.754,7.911552750116435e-19,1.1548064215141291e-19
14373.004,1.0256846642778375e-18,1.5240152700354632e-19
14373.74,5.485837990509372e-19,8.890207689047768e-20
14373.751,9.49741771476544e-19,1.1730743231481142e-19
14374.484,6.490596340521726e-19,1.138236523899846e-19
14419.725,9.949034626949625e-19,1.5344615702846044e-19
14420.468,5.549240668657078e-19,8.788368755497459e-20
14420.475,6.997589794061486e-19,1.1447373716774247e-19
14421.215,8.434732372627587e-19,1.1602452911451637e-19
14466.445,1.0076211793747224e-18,1.5383258912024182e-19
14467.196000000002,8.68392741688107e-19,8.972483435415945e-20
14467.198,8.082227087887847e-19,1.1447128818571022e-19
14467.946000000002,8.213218619694678e-19,1.1651584381903877e-19
14513.166,6.227090528572436e-19,1.5180907442034744e-19
14513.921,8.329616836338998e-19,1.141093296598207e-19
14513.925,7.826646809275271e-19,8.934582580549913e-20
14514.677,7.66919275929595e-19,1.1716925587798102e-19
14559.887,7.141071353707767e-19,1.5428398189142343e-19
14560.645,7.769515925555248e-19,1.1434531552282275e-19
14560.646,6.968785873839522e-19,8.84088163197548e-20
14561.407,7.684691394870269e-19,1.1877352557581248e-19
14606.606000000002,8.046068028126869e-19,1.5412164027413908e-19
14607.368,3.673592917645783e-19,1.1325929718400524e-19
14607.375,5.791616604344374e-19,8.774202298587291e-20
14608.137,6.883283661430553e-19,1.1875342677394699e-19
14653.327,8.190580602927685e-19,1.5371120544250664e-19
14654.091,9.867947289955115e-19,1.1575890370577177e-19
14654.103,5.62392807294935e-19,8.758379139053915e-20
14654.867,5.848616526988981e-19,1.1642247073345778e-19
14700.048,6.321021008539646e-19,1.498019668004021e-19
14700.813999999997,8.84243354175237e-19,1.1472106680812177e-19
14700.831,7.062116796799239e-19,8.906679439757738e-20
14701.598,7.400761602247743e-19,1.1654228910261246e-19
14746.768999999998,4.68110194809337e-19,1.4713550925221507e-19
14747.538,5.552214927010049e-19,1.1342037407984525e-19
14747.559,7.3893032916470425e-19,8.951707229283309e-20
14748.328,9.040674067493066e-19,1.1691267273156238e-19
14793.489,7.551789972427914e-19,1.5166204894085207e-19
14794.262,3.835256915153274e-19,1.1229988995940545e-19
14794.286,7.009708579290625e-19,8.943301589971195e-20
14795.06,7.873886672805439e-19,1.1595920560528089e-19
14840.21,8.039877196048255e-19,1.4690474056362109e-19
14840.985,5.560385592800133e-19,1.1332540309082376e-19
14841.015,5.300733125208761e-19,8.878212733152756e-20
14841.79,6.619025374279172e-19,1.135295568248108e-19
14886.931,8.346892884594744e-19,1.4778729920239472e-19
14887.709,6.686209301348092e-19,1.1379485443864798e-19
14887.742,6.203130417868463e-19,8.880329220850782e-20
14888.521,8.212540833185005e-19,1.1303727924250434e-19
14933.652,3.7043155435669737e-19,1.4035827986845206e-19
14934.433,5.62302650931689e-19,1.1356757645197694e-19
14934.471,6.748268562935265e-19,8.816645923918718e-20
14935.252,7.7611424658880755e-19,1.11131776396628e-19
14980.373,9.811312838651666e-19,1.4488398512935637e-19
14981.156,7.378539345758869e-19,1.1225211997736671e-19
14981.199,7.152631082143104e-19,8.844649414169518e-20
14981.949,5.372873040431971e-19,1.0841679569081126e-19
15027.094,9.02295017993054e-19,1.4173395681400253e-19
15027.88,4.818565179305382e-19,1.1145509474189517e-19
15027.927,6.844226666663687e-19,8.839780374782084e-20
15028.745,6.305073077157276e-19,1.0857278196050453e-19
15073.813999999997,5.385740510047783e-19,1.412018711231082e-19
15074.604,6.588535032324504e-19,1.1305036434452992e-19
15074.654,7.060515837415374e-19,8.798748813384985e-20
15075.444,6.193601119938009e-19,1.0710031987659683e-19
15120.535,7.355920349329629e-19,1.4874315919778186e-19
15121.283,5.314728087092776e-19,1.207632575544087e-19
15121.383,8.26907672217784e-19,8.9279800241072e-20
15122.175,4.917133576939192e-19,1.055525290840698e-19
15167.256,5.856970087729743e-19,1.3295764839691928e-19
15168.101,5.978342737167842e-19,1.1382932766728412e-19
15168.11,6.985206875410852e-19,8.878745105969576e-20
15168.905,4.683417434404978e-19,1.0804974022268528e-19
15213.977,3.758386699928109e-19,1.3316174299357554e-19
15214.774,7.259229053799336e-19,1.1334671549236446e-19
15214.839,5.482291978270448e-19,8.786626782132146e-20
15215.637,3.795025682684903e-19,1.1055503923577196e-19
15260.697,8.536381030236715e-19,1.3578165934735457e-19
15261.498,7.177564947677621e-19,1.1355842589234464e-19
15261.566,5.047925252489408e-19,8.738837831716965e-20
15262.367,4.796318618019669e-19,1.0533765776162356e-19
15307.16,3.6124059894675605e-19,1.476071350759104e-19
15307.742,5.569150907113819e-19,1.1703181866211022e-19
15308.295,3.9914778365573503e-19,8.775519626142846e-20
15309.098,5.19110073638342e-19,1.0195488630883379e-19
15353.83,5.46851410885038e-19,1.0395291857112265e-19
15354.743,6.085917003899114e-19,1.3133603669984004e-19
15355.022,2.0290783836034347e-19,8.976699691440237e-20
15355.566,3.910387378211212e-19,1.1564776161433283e-19
15400.859,6.609136442622798e-19,1.3934022119485758e-19
15401.669,4.637006868321655e-19,1.1324610278055424e-19
15401.751,7.536991082566125e-20,9.290702119149223e-20
15404.355,2.859357342281271e-19,1.045708101933315e-19
15447.58,4.570225260602737e-19,1.2573618186145217e-19
15447.777,2.429760242026637e-19,1.119930179699503e-19
15448.479,2.4426204337398777e-19,9.052666060612553e-20
15449.29,3.5016522806214487e-19,1.0053767157302825e-19
15494.268999999998,5.125635727776269e-19,1.2721696624327445e-19
15495.207,3.924779021523476e-19,9.056995546224502e-20
15495.995,2.3397378674016747e-19,1.1552171567136104e-19
15496.008999999998,6.342192639225286e-19,9.975871859840036e-20
15538.243,2.5125517404291473e-19,8.773856065884771e-20
15541.0625,5.795623979274756e-19,1.2663781003859282e-19
15541.84,3.0511965902296073e-19,1.1343901344459525e-19
15542.766,5.853025201659047e-19,9.853772601359413e-20
15587.742,4.238162112035836e-19,1.2364586075979437e-19
15588.563,4.2944240805103147e-19,1.1494520276033982e-19
15589.483,6.113183841336707e-19,9.687417394598979e-20
15592.149,4.148573808824675e-20,8.670737300748596e-20
15633.917,4.541356682666622e-19,1.2895623702332473e-19
15635.288,5.177101781230762e-19,1.1601708667645038e-19
15635.391,1.9599212710442865e-19,9.340499668885591e-20
15636.214,6.680684252829572e-19,9.641896830515209e-20
15680.975,2.3569774625813495e-19,9.113403325914963e-20
15682.012,6.390313876017519e-19,1.170027822687825e-19
15682.149,7.323978072627923e-20,1.2175811520070084e-19
15682.944,5.893239182616112e-19,9.475042942377314e-20
15727.904,3.2122576959025926e-19,1.190665117762323e-19
15728.735,3.8288317521603534e-19,1.1509138850343631e-19
15729.675,5.512674198532562e-19,9.311381533482301e-20
15729.935,9.520451037369066e-20,9.013584223741747e-20
15774.625,4.049957218576158e-19,1.1795344568768072e-19
15775.459,2.559645708944498e-19,1.1558013607328536e-19
15775.574,2.4764442316760357e-19,9.020357318583586e-20
15776.406,4.974127877403749e-19,9.116373298161498e-20
15821.346,4.084577276649977e-19,1.1679369235969352e-19
15822.182,2.9576853882342913e-19,1.1396445876655468e-19
15822.303,3.17375460606841e-19,9.050178727116217e-20
15823.138,4.797536308899923e-19,8.98806386888344e-20
15868.066,3.044800209326362e-19,1.158684323415566e-19
15868.905,1.611111055496265e-19,1.1356246874466146e-19
15869.03,2.4741325591041646e-19,9.08819157965765e-20
15869.868,4.765336499129968e-19,9.005899648755897e-20
15914.788,2.389199420572042e-19,1.1539603392091127e-19
15915.629,4.400575977158495e-19,1.171415077563008e-19
15915.758999999998,1.771913467898312e-19,9.129338998041802e-20
15916.598999999998,4.598800060848593e-19,8.877979506268192e-20
15961.508999999998,-7.906900214296575e-20,1.1555093607160484e-19
15962.353,3.730974718048356e-20,1.1675885534645403e-19
15962.487,3.6376210437739364e-20,9.101939150888527e-20
15963.33,4.3023355594866413e-19,8.823416866860255e-20
16008.2295,4.0624147164523583e-19,1.1347847845602024e-19
16009.076,2.944872704859291e-19,1.184024232918543e-19
16009.215,1.0193412356569475e-19,9.159988506059855e-20
16010.061000000003,3.6307768220692064e-19,8.767803000949694e-20
16054.95,3.7940468153449247e-19,1.1318650827521921e-19
16055.8,4.1501729379222905e-19,1.196374376617432e-19
16055.942,4.2137251707160535e-19,9.481016345580689e-20
16056.792,4.519909569777415e-19,8.777758181571948e-20
16101.671,2.8691918467233893e-19,1.1283157572333924e-19
16102.524,4.2237220051532696e-19,1.2116735019428173e-19
16102.671,2.979542531058406e-19,9.413647300439188e-20
16103.522,4.139856951583143e-19,8.728058799507225e-20
16148.392,2.1413107850444838e-20,1.1131958060944786e-19
16149.248,3.4655330332269544e-19,1.2125784984632928e-19
16149.398,2.520219700554621e-19,9.448755324226415e-20
16150.254,1.7705417721274032e-19,8.6133853748111e-20
16195.112,3.2684699368253974e-19,1.1127203859191488e-19
16195.972,3.5432413110838667e-19,1.2108073578014018e-19
16196.126,3.114485654066195e-19,9.653352692738732e-20
16196.984,1.518424894883202e-19,8.562939595943332e-20
16241.833,4.2656361433307383e-19,1.1202668714831328e-19
16242.694,6.453704302127266e-19,1.276559232056673e-19
16242.8545,2.585659072470522e-19,9.835475674613767e-20
16243.715,3.8787323050408897e-19,8.584976589432968e-20
16288.555,1.9336091223790692e-19,1.1021375933190938e-19
16289.418,3.3559011470123506e-19,1.255340667252737e-19
16289.583,1.2935121303624114e-19,9.835131926717087e-20
16290.446000000002,2.760759047729643e-19,8.597734972353444e-20
16335.275,1.1089864516440976e-19,1.0972492493298843e-19
16336.142,2.646275718402474e-19,1.28199071928119e-19
16336.311000000003,9.789638367538656e-21,9.929689173924804e-20
16337.177,1.1064532027656561e-19,8.610711757409866e-20
16381.996,9.552857694165944e-20,1.08028020830521e-19
16382.865,3.1712033063826737e-19,1.284527050938594e-19
16383.038,-2.309636625997092e-20,1.0006281123521424e-19
16383.907,6.581622135826153e-20,8.438109057444951e-20
16428.617,1.6719037561590086e-19,1.1489714042684835e-19
16429.59,3.111625278557029e-19,1.2965126005716754e-19
16429.766,1.495450431465841e-19,1.0165609409962593e-19
16430.639,-8.048347782938263e-21,8.349818776481169e-20
16475.555,-5.639728352855706e-20,1.0813388668739866e-19
16476.311999999998,2.592219058287697e-19,1.3022092354508386e-19
16476.494,8.185326153026896e-20,1.026542152885715e-19
16477.37,1.4776937161562065e-19,8.33058531214294e-20
