LAMBDA,FLUX,FERROR
8003.7363,-5.597736255395689e-18,3.3436983439222653e-18
8006.6577,4.9731533545679395e-18,2.6909767428881084e-18
8007.142,-8.481724963503488e-19,2.6303477686075227e-18
8008.5566,3.967848283872264e-18,2.6880285478590184e-18
8031.29,5.112995634331669e-18,2.571198751455962e-18
8031.593000000002,-2.536130176211426e-18,2.564580485098751e-18
8031.7866,4.594085919371075e-19,2.4173030900220847e-18
8035.92,-6.1800322591967765e-18,2.9355405416709204e-18
8055.211999999998,-1.6704497450407151e-18,2.964002069344688e-18
8055.8286,2.237682601052976e-18,2.2864982489911904e-18
8056.0435,5.625718987068667e-18,2.5085006248379408e-18
8056.53,2.0462458691891667e-18,2.4032405833494073e-18
8080.104,1.88457853951409e-18,2.2194003453781905e-18
8080.4946,3.509093161440167e-18,2.4138537720099004e-18
8080.5283,2.5853874057305595e-18,2.3753711810406677e-18
8081.581,3.9709567002544466e-18,2.848761178566491e-18
8102.514,3.2645529120745363e-18,2.3594401641702563e-18
8104.943,-1.750543655753252e-18,2.0978118847165772e-18
8104.9775,5.481383455762123e-18,2.3307777333369843e-18
8105.201999999998,3.584648664391827e-18,2.7215003918635864e-18
8129.17,1.6289083164157838e-18,2.0181585078483244e-18
8129.427,5.513190398745337e-18,2.268590472594428e-18
8129.6553,5.048161634248401e-18,2.6332689662299087e-18
8130.9565,-3.279141876738888e-19,2.5765245608753407e-18
8153.074,2.3860154778395818e-18,2.2666093815921086e-18
8153.616999999998,2.658121904836772e-18,1.9149235996710764e-18
8153.876,4.272726978387991e-18,2.1799578437008592e-18
8154.1084,3.060714478585175e-18,2.48879877594143e-18
8178.0645,9.103351645734233e-18,1.903784163624215e-18
8178.325,1.6232064179305023e-19,2.137654585369678e-18
8178.561,6.1141014757482284e-18,2.3905156175106066e-18
8178.757,5.117041774192253e-18,2.3274373194468987e-18
8202.511999999999,4.838307216977619e-18,1.768661710599667e-18
8202.748,2.9663010914866933e-18,2.129119519709653e-18
8202.774,2.6801628973417095e-18,2.112518261981018e-18
8203.015,4.643419073572339e-18,2.288228325633627e-18
8226.91,6.7881527787930265e-18,2.0461194055754935e-18
8226.959,2.855244669049488e-18,1.6809546221030864e-18
8227.199,2.8777187152105664e-18,2.0789117415270806e-18
8227.466999999999,2.5006743400947797e-18,2.180377740457303e-18
8251.405999999999,3.991404032965042e-18,1.5933741785349258e-18
8251.649,3.5932348052219534e-18,1.988868617545416e-18
8251.92,1.8859092130055815e-18,2.0281386857572413e-18
8252.205,5.375448244432984e-18,1.980397965678909e-18
8275.854,-3.7155003421607737e-19,1.490446217064686e-18
8276.101,3.9952995536312264e-18,1.908043708259876e-18
8276.122,-1.5349169994064867e-18,1.875258224521922e-18
8276.373,2.440172844258442e-18,1.910566276517471e-18
8300.301,-5.47488954653106e-20,1.4438930502536277e-18
8300.552,3.4226578629148087e-18,1.8426899067319245e-18
8300.571,2.08583040636219e-18,1.869454380057352e-18
8300.826,2.280923242594252e-18,1.841864376090229e-18
8323.732,-1.9364501672069943e-18,1.2871783528607698e-18
8325.002,4.708775588549e-18,1.8376210717594316e-18
8325.0205,1.477486594932369e-18,1.8239957195281728e-18
8325.279,2.9391304115775466e-18,1.7578282287482132e-18
8349.367,4.027521066194333e-18,1.7853523615999523e-18
8349.47,-1.505368472090185e-18,1.7529973777325862e-18
8349.732,4.930642869086425e-18,1.7153178597868842e-18
8350.37,-7.201567851389996e-19,1.3069196349492204e-18
8373.643,2.6765848294573108e-18,1.3031927242167203e-18
8373.919,-1.8486871321788553e-18,1.6999933990497366e-18
8373.947,6.877256589158795e-18,1.7814977911810203e-18
8374.186,1.8355634104161276e-18,1.6553846187687774e-18
8398.09,1.8792304378139236e-18,1.2704903650319492e-18
8398.3545,2.0224605490006635e-18,1.7278833779210318e-18
8398.368,1.7260070094737125e-18,1.685228068624337e-18
8398.639000000001,2.4304729119920913e-18,1.6342939551198859e-18
8422.536,1.8960229974836994e-18,1.243104814804376e-18
8422.625,3.988682463679792e-18,1.6835868560824536e-18
8422.806,-2.260912973945071e-19,1.6950888205814656e-18
8423.091999999999,6.834559980010094e-19,1.5372380999716751e-18
8446.983,3.877092790517501e-18,1.2040146674213439e-18
8447.256,2.456826220835713e-18,1.6851388440090132e-18
8447.545,3.7532545917543276e-18,1.500331725180296e-18
8447.711,6.790636210705164e-19,1.6191984394797082e-18
8471.431,2.310673523030629e-18,1.142524405069303e-18
8471.706,4.61554097197947e-18,1.737361426775311e-18
8471.716,5.492697056418765e-19,1.5989720145052355e-18
8471.997,6.97460568947677e-18,1.4653456418989634e-18
8495.873,4.829456174544652e-18,1.1329841413704834e-18
8496.154,3.351454165176486e-18,1.610066894568164e-18
8496.165,3.03206262795764e-18,1.6659794520791764e-18
8496.444,2.7653486645354196e-18,1.4567255008434735e-18
8519.305,2.7009266072167255e-18,1.0341683669843914e-18
8520.6045,5.378244407218914e-18,1.5657883981129068e-18
8520.61,1.715219605022278e-18,1.5749074678776018e-18
8520.896,2.1372413332773248e-19,1.402972649153147e-18
8544.839,1.6665730999039408e-18,1.5349600494917796e-18
8545.001,6.2855664125752876e-18,1.741190906268632e-18
8545.35,3.8082959699742495e-18,1.418297136329057e-18
8545.921,1.5640296664252437e-18,1.060102897026713e-18
8568.747,2.0801766453391564e-18,1.355345992153739e-18
8569.212,1.6878916374824128e-18,1.053581923313699e-18
8569.533000000001,7.26951661947732e-18,1.77361333378973e-18
8569.98,-1.0874214838089234e-18,1.4728017136653335e-18
8593.659,2.167810679712817e-18,1.0563693342052294e-18
8593.957,4.132597574473035e-18,1.4502544761304853e-18
8593.958,5.5116442616952e-20,1.4716094791677234e-18
8595.162,9.931677286061577e-19,1.3078685200064293e-18
8618.106,2.1103556942053877e-18,1.065572639599214e-18
8618.407,2.1806088244360962e-18,2.0192918180577273e-18
8618.709,1.1973941873554285e-18,1.342522198918798e-18
8642.544,1.9243359835992975e-18,1.0631484821527897e-18
8642.856,7.704055726934072e-18,1.431717294768803e-18
8642.858,2.024158417126606e-18,1.3768026277295885e-18
8643.162,2.521595108008701e-18,1.3432841101459973e-18
8666.45,2.448031037387412e-18,1.3759903802665776e-18
8667.013,-3.419112086889529e-19,1.032440607404603e-18
8667.094000000001,1.0787660417331878e-17,1.5039381557271212e-18
8667.614,4.6374229113062946e-18,1.3273587170959059e-18
8691.448,-1.6337559747411295e-18,1.0345456728433936e-18
8692.067,2.218671629557226e-18,1.2886873465477342e-18
8692.179,9.007297462521502e-18,1.3882474297924246e-18
8692.207,7.258555126207792e-19,1.3463118512799176e-18
8715.8955,1.7239426551813794e-18,9.913647738429053e-19
8716.204,6.557896096716786e-18,1.2865738740887237e-18
8716.21,1.7689060202947576e-18,1.2445095375398702e-18
8716.5205,-2.76200421478103e-18,1.2625034309026441e-18
8740.343,1.4403710281655047e-17,1.1549133763109674e-18
8740.653,5.4359682935888e-18,1.222344883637983e-18
8740.661,1.6851218029768354e-18,1.196252276738772e-18
8740.974,-2.102961671678832e-18,1.2702683441957934e-18
8763.879,1.459897456384271e-17,1.10748707485929e-18
8765.103000000001,3.129245992893298e-18,1.1575144261865282e-18
8765.112,9.165070125796382e-19,1.1246028286538293e-18
8765.427,1.9541637592173917e-18,1.2193220355820882e-18
8789.519,4.697198441113654e-18,1.1177031184266226e-18
8789.553,2.376731666499215e-18,1.1389739535463533e-18
8789.88,4.606799688295912e-18,1.2001054727269797e-18
8790.337,1.6532451683372688e-17,1.1362571457876485e-18
8813.684000000001,7.06252597199129e-18,9.543366108230666e-19
8814.001,3.1735201693720374e-18,1.108425052632977e-18
8814.046,6.419164240675379e-18,1.1376921800852009e-18
8814.333,1.94891597829306e-18,1.1887139283249394e-18
8837.726,3.8533047337514195e-18,1.1129679399098802e-18
8838.131,4.879842687355746e-18,9.512568568027765e-19
8838.464,1.6664713501062325e-18,1.0529615698490462e-18
8838.786,6.792458921669005e-19,1.1785186012389118e-18
8862.578000000001,1.8397584311652233e-18,9.227384081725213e-19
8862.587,3.1949491334695765e-18,1.1648545525179679e-18
8862.915,1.6026485909658442e-18,1.0076329393233922e-18
8863.936,2.628284835379957e-18,1.0277769466854186e-18
8887.025,2.5072352764750696e-18,9.201540447519964e-19
8887.35,2.540181159384445e-18,1.0096037320379373e-18
8887.366,2.760594655875651e-18,9.745789408191453e-19
8888.176,3.2055163058239605e-18,1.1413941366727018e-18
8911.473,2.8035006253614185e-18,9.052853875609516e-19
8911.799,2.5692336603424393e-18,9.83772438747245e-19
8911.815999999999,1.43122694014171e-18,9.624051353580684e-19
8912.145,3.2508667325179127e-18,1.183286450132712e-18
8935.562,4.426652033996336e-18,9.211555908994159e-19
8936.248,4.035369415764373e-18,9.609617891218201e-19
8936.268,1.731683808771252e-18,9.393290115907338e-19
8936.598,4.06245642003699e-18,1.1465975371662758e-18
8959.684000000001,4.741073170386982e-18,9.342909247840722e-19
8960.697,2.4024582165730677e-18,9.344451680561984e-19
8960.841,3.7249290101708474e-18,9.309192098481424e-19
8961.051,3.0084781942859583e-18,1.143631681042696e-18
8984.814,3.022023746983413e-18,8.909485746947071e-19
8985.146,3.262148026031294e-18,9.417258710805023e-19
8985.504,3.568029519878149e-18,1.1345853766279022e-18
8985.945,7.392439278755254e-19,9.049560499597938e-19
9009.262,4.8804129383179386e-18,9.079305106073686e-19
9009.596,4.4531325274415036e-18,9.033614649142875e-19
9009.62,4.316117392718894e-18,9.092178316189648e-19
9009.957,5.432894935871896e-19,1.1616010884644646e-18
9033.709,3.9477827835792744e-18,9.0587838496653e-19
9034.045,5.0716000991270804e-18,8.76750964043284e-19
9034.071,5.8042888279587334e-18,8.829286585853725e-19
9034.41,1.3853063903138159e-18,1.1304978320393378e-18
9058.155,5.9210110589379695e-18,9.365639286150587e-19
9058.495,5.7271408470766674e-18,8.845749181899913e-19
9058.521,5.38238175712304e-18,8.880917504651883e-19
9058.863,6.878205439463583e-18,1.1492738242128957e-18
9082.603,4.978098259036752e-18,9.467724945356217e-19
9082.944,5.834991148757724e-18,8.666009655814993e-19
9082.973,6.043094194679902e-18,8.835038764481006e-19
9083.315,7.09096666588724e-18,1.143006472752579e-18
9107.05,5.2215436314546255e-18,9.28981524798026e-19
9107.394,6.2222521478477885e-18,8.486480819769692e-19
9107.424,3.998110750831164e-18,8.375715289743707e-19
9107.769,8.096792866900313e-18,1.1481237839945506e-18
9131.497,9.567536254560914e-18,9.580823458177273e-19
9131.843,6.4072720330422845e-18,8.344169387699157e-19
9131.874,5.401487859559151e-18,8.406431606460263e-19
9132.222,1.0332267965916678e-17,1.154365543882914e-18
9155.944,9.503084661138143e-18,9.409245442886632e-19
9156.292,1.07708179277145e-17,8.57642318785939e-19
9156.325,6.4227698583477365e-18,8.246206896073242e-19
9156.675,1.1533578400347062e-17,1.165086115844876e-18
9180.392,9.096357663664952e-18,9.326720140097058e-19
9180.741,8.71916468617645e-18,8.117378211155859e-19
9180.776,7.05224239677957e-18,7.901899795661098e-19
9181.128,9.228579874645766e-18,1.1396643826610312e-18
9204.839,8.4425913580015e-18,9.260902554996381e-19
9205.19,9.034740700008342e-18,7.99133543224688e-19
9205.227,9.428187823933785e-18,8.10957949349427e-19
9205.58,1.1087361882092518e-17,1.1411899806713663e-18
9229.285,9.822333180899151e-18,9.507824259971767e-19
9229.641,8.843037234289996e-18,7.775288768656445e-19
9229.678,8.871040494320887e-18,7.830452848731804e-19
9230.033,9.070656143680915e-18,1.11946959103326e-18
9253.732,8.258478396848845e-18,9.184443606889463e-19
9254.09,9.351217685667309e-18,7.7868874137105245e-19
9254.129,8.569086260145855e-18,7.699521329820222e-19
9254.486,8.239655750609365e-18,1.1153882572370257e-18
9278.18,1.0583720422272369e-17,9.508334327903753e-19
9278.539,1.0584610202158837e-17,7.7495573699999825e-19
9278.58,8.053976252953096e-18,7.596840556411874e-19
9278.939,1.0767903992846992e-17,1.1388962622278826e-18
9302.627,1.0309935466128773e-17,9.462360565322904e-19
9302.988,9.611505211412264e-18,7.53052565144121e-19
9303.03,1.1433883575551871e-17,7.823703120586954e-19
9303.393,1.0525508583852914e-17,1.1427141024438838e-18
9327.074,1.0048808419506704e-17,9.426711225659894e-19
9327.4375,9.501551875865815e-18,7.471633388591825e-19
9327.481,1.2344701011745364e-17,7.970483774767966e-19
9327.845,1.1144023939724681e-17,1.1498064133658565e-18
9351.521,1.1363299124821161e-17,9.687216555682907e-19
9351.887,1.1647776454007291e-17,7.551375271979016e-19
9351.933,1.1668399893042814e-17,7.668036787140289e-19
9352.298,1.1358476101127821e-17,1.1600227836368744e-18
9375.968,1.1437373951305264e-17,9.684204063797361e-19
9376.337,1.2833982579168378e-17,7.605675329911448e-19
9376.384,1.1483830933237639e-17,7.617277905915289e-19
9376.751,1.1678077662859462e-17,1.1773603903218808e-18
9400.415,1.0304846682435375e-17,9.891865949029509e-19
9400.786,1.2217347242724067e-17,7.510040770151762e-19
9400.829,1.2321453495860268e-17,7.754347763580076e-19
9401.203,1.1180625241429495e-17,1.1568277066185967e-18
9424.857,1.1041294512393959e-17,9.489183200200038e-19
9425.234,9.82570285895266e-18,7.211182194818526e-19
9425.277,1.0669335714599321e-17,7.348323403339628e-19
9425.652,1.2652367943324113e-17,1.1958508058479687e-18
9449.305,1.089275758211543e-17,9.271609275195942e-19
9449.676,1.1092317735890872e-17,7.225820212849596e-19
9449.729,9.815875493629574e-18,7.207906820118304e-19
9450.105,1.274139361676688e-17,1.1457504566182581e-18
9473.752,1.3093141047627172e-17,9.511008767141655e-19
9474.126,1.0567309313629978e-17,7.109619510948115e-19
9474.18,1.0410023481613667e-17,7.286075593369623e-19
9474.559,1.2907732310440251e-17,1.1153416124840824e-18
9498.199,1.195172756443348e-17,9.049750816487084e-19
9498.575,9.771692971445005e-18,6.978344732688903e-19
9498.63,1.102467027021953e-17,7.195214746902441e-19
9499.012,1.2485413001685432e-17,1.0896044293244253e-18
9522.646,1.111807012667691e-17,8.748284450799832e-19
9523.024,1.024258223056061e-17,6.882738578874075e-19
9523.081,1.0981981693156931e-17,7.125074066543882e-19
9523.464,1.11562775816209e-17,1.0537948191263872e-18
9547.093,1.1087814369005854e-17,8.579299268961635e-19
9547.474,1.1749526859180413e-17,7.119373459958633e-19
9547.532,9.92694828657769e-18,7.030035259380307e-19
9547.917,1.2175498589016254e-17,1.046667617129864e-18
9571.54,1.125107667695372e-17,8.413712061864046e-19
9571.923,1.2165451682575503e-17,7.035808723459907e-19
9571.983,9.486172988574792e-18,6.891674533794984e-19
9572.37,1.2568610780759573e-17,1.0217745708396615e-18
9595.457,6.765203127812258e-18,6.262466530885124e-19
9595.987,9.982432714755816e-18,8.061179816121081e-19
9596.434,1.1227482275307445e-17,7.052040665835692e-19
9596.822,9.673967149458378e-18,9.810627877779683e-19
9620.435,1.059526229642032e-17,7.951157629529651e-19
9620.885,1.0119921509949446e-17,6.917423837225172e-19
9621.212,1.0207283601031529e-17,9.747021291591886e-19
9621.893,8.961965188844362e-18,6.624993846432104e-19
9644.882,1.0814853167592808e-17,7.812133496593733e-19
9645.271,1.1957762006572944e-17,6.922660635528333e-19
9645.336,1.1223736180947211e-17,7.069564317062461e-19
9645.768,5.680494299432459e-18,9.820048929953401e-19
9669.329,1.0290230582543612e-17,7.609721797036826e-19
9669.721,1.1428345954617764e-17,6.869540223350851e-19
9669.786,1.24441254510871e-17,7.095584652578765e-19
9670.182,9.84866881656503e-18,9.390640349937395e-19
9693.098,9.65233017318985e-18,7.694803918569636e-19
9694.148,1.0992699594980674e-17,6.930989174398993e-19
9694.237,1.095534395626024e-17,7.064639777599698e-19
9694.635,1.1093010876860887e-17,9.190373937928544e-19
9718.0205,1.0955163193902352e-17,7.073338712776337e-19
9718.232,1.0106383913697769e-17,8.913353524759674e-19
9718.645,9.950761040872427e-18,6.724595425083854e-19
9719.227,1.0418919579467798e-17,7.496018765574598e-19
9742.67,1.1891824913618514e-17,7.461404558204293e-19
9743.068,1.012756892727143e-17,6.658382090286058e-19
9743.64,8.984156484434287e-18,6.95309890109608e-19
9744.061,8.733321867244522e-18,8.8729959981357e-19
9766.8,1.1174716977229435e-17,6.87849605995021e-19
9767.117,1.1195082066558525e-17,7.194722419009669e-19
9767.59,1.1299074474881655e-17,7.069163525671683e-19
9767.993,9.021200291727145e-18,8.712810333731484e-19
9791.564,1.2533339714311472e-17,7.239773171021498e-19
9791.636,1.2123950194323782e-17,8.580736952384325e-19
9792.041,1.2316926319852591e-17,7.140410830685712e-19
9792.863,1.0772052630087341e-17,6.821660910160781e-19
9816.012,1.1456090841186258e-17,7.028278506374134e-19
9816.107,9.663032271903962e-18,6.84588319817944e-19
9816.417,1.1156080218154244e-17,6.8470539077975e-19
9817.444,1.0724350167798502e-17,8.586621934734037e-19
9840.459,1.1478415710472608e-17,7.002263412983176e-19
9840.866,1.2367931382697326e-17,7.014482571089303e-19
9841.191,1.041408444231114e-17,7.093091020304376e-19
9841.353,1.0635895938481719e-17,8.228251893875323e-19
9864.731,1.1102423114108112e-17,6.875705734918807e-19
9865.315,1.1266636655036692e-17,6.924107003603385e-19
9865.394,1.0541591602745335e-17,7.103517284037773e-19
9865.805,1.2706905339511955e-17,8.223960751534262e-19
9888.879,8.596108372476072e-18,6.861368620102377e-19
9889.583,1.1380035413378125e-17,6.847327446297212e-19
9889.765,1.1370233425223699e-17,7.032059782500635e-19
9890.258,1.2430262962252975e-17,8.075418016737425e-19
9913.8,1.1225054066961646e-17,6.662797913256167e-19
9914.214,1.114431670961135e-17,7.098495740468206e-19
9914.711,1.352173702329336e-17,8.111437214656936e-19
9914.965,7.49506410744525e-18,6.9624346157670455e-19
9938.247,1.2592329986250368e-17,6.773458967484236e-19
9938.663,1.1308765408828272e-17,7.276246705149197e-19
9938.746,1.07864626542609e-17,7.232492173329953e-19
9939.164,1.2900845572442199e-17,7.972237017752775e-19
9962.694,1.2775448717412331e-17,6.627109887886751e-19
9963.112,1.166371143907515e-17,7.086084719629668e-19
9963.196,1.1430747169280602e-17,7.317650310602657e-19
9963.617,1.2399736210094155e-17,7.790689864374834e-19
9987.121,1.254962963618378e-17,6.618002801378451e-19
9987.5625,1.2460330772570954e-17,7.158689067028913e-19
9987.647,1.1507332992582932e-17,7.203890630015641e-19
9988.07,1.0982601959106371e-17,7.509734660027157e-19
10011.617,1.0744504880820499e-17,6.24893734954737e-19
10012.012,1.165006287935387e-17,7.114928418596417e-19
10012.099,1.205260449388056e-17,7.372035462394507e-19
10012.523,1.2208767409130124e-17,7.412459442214581e-19
10036.036,1.083344304312139e-17,6.205879339379073e-19
10036.461,1.0187203309951456e-17,6.969602292362317e-19
10036.549,1.0417972749180272e-17,7.129999241931824e-19
10036.977,1.2900743873325489e-17,7.372191129550974e-19
10060.483,1.0956948748207208e-17,6.05507785142609e-19
10060.91,1.077725021025344e-17,7.0911593727973945e-19
10061.0,1.1231108494728107e-17,7.281844762641116e-19
10061.429,1.309287689388827e-17,7.316577565196216e-19
10084.931,1.1061859042480216e-17,6.147738365257736e-19
10085.359,1.2317665702022694e-17,7.285392006978e-19
10085.451,1.236761611999231e-17,7.58282980055224e-19
10085.882,1.2017512612569285e-17,7.230180013998055e-19
10109.378,1.0263763982691863e-17,5.984447549412772e-19
10109.809,1.1347275609553747e-17,7.268272910929358e-19
10109.901,1.1645539093701522e-17,7.52177717048981e-19
10110.335,1.1965216657509264e-17,7.146328669305708e-19
10133.825,1.0381906002565609e-17,5.918045687750886e-19
10134.258,1.1530712543664858e-17,7.229570566676919e-19
10134.353,1.1764361914968272e-17,7.481575128927562e-19
10134.788,1.1222188694103634e-17,6.977941800913398e-19
10158.272,1.1769941044344023e-17,6.021569181436316e-19
10158.707,1.1860130614104741e-17,7.306566642684052e-19
10158.803,1.15260507200714e-17,7.522263814231167e-19
10159.241,1.1600890175485355e-17,6.989038675347392e-19
10182.72,1.1166194403139162e-17,5.8625299485130665e-19
10182.879,1.1779219609536822e-17,7.48824645289949e-19
10183.254,1.1514324343489138e-17,7.631886669689795e-19
10183.694,1.1764318622992805e-17,6.886469134034457e-19
10207.167,1.0881615651907899e-17,5.709857858742187e-19
10207.704,1.141490290154646e-17,7.610049308909301e-19
10208.138,1.1720264686034179e-17,7.467841682206354e-19
10208.147,1.1266052403183133e-17,6.736395539040105e-19
10231.614,1.1962126178196742e-17,5.77183700178146e-19
10232.055,1.0765714387362614e-17,7.274142759315476e-19
10232.155,1.0805519171260279e-17,7.50317165607072e-19
10232.601,1.069617402614894e-17,6.7299445094851325e-19
10256.062,1.2713471653115247e-17,5.786954962586671e-19
10256.504,1.0936254008700481e-17,7.36535267887001e-19
10256.605,1.0415439860232825e-17,7.425643723775799e-19
10257.054,1.0591677058117542e-17,6.573754437500537e-19
10279.526,8.862274883338149e-18,5.164069120061259e-19
10280.953,1.126549114167483e-17,7.438646946928028e-19
10281.057,1.1262120943467542e-17,7.675039610435231e-19
10281.507,1.0077731226361474e-17,6.454038551059147e-19
10305.402,1.0832231313609582e-17,7.33992910704012e-19
10305.433,1.0871194468786188e-17,7.517956582608738e-19
10305.858,9.564603140318853e-18,5.434665068148869e-19
10305.96,1.2645188433971626e-17,6.630300029477569e-19
10329.785,1.1074029684955276e-17,5.502255775634734e-19
10329.852,1.1261560192834537e-17,7.515316013012124e-19
10329.982,1.0905177508860543e-17,7.864597203563164e-19
10330.41,1.147092690717282e-17,6.491891727369315e-19
10353.842,1.1233351335331795e-17,5.541216738876688e-19
10354.3,1.0561036422665948e-17,7.737550952660079e-19
10354.405,1.0521428244861472e-17,7.395865737662111e-19
10354.858,1.047307830495496e-17,6.32346915621374e-19
10378.289,9.65334997989827e-18,5.360080359824613e-19
10378.374,1.0080173034856462e-17,7.970648803138799e-19
10378.856,1.0877252124672573e-17,7.250269225327363e-19
10379.312,1.0618757258060013e-17,6.36818930371843e-19
10402.736,9.178171018660404e-18,5.302273527411665e-19
10403.307,1.1885491988213415e-17,7.349608132851337e-19
10403.765,1.2067653163655574e-17,6.527781555974097e-19
10404.0625,9.919480791183913e-18,7.640919916247275e-19
10427.184,1.0111841037765468e-17,5.415542743236328e-19
10427.645,9.559126291905425e-18,7.113383037329359e-19
10427.758,1.168606076432227e-17,7.304090656853184e-19
10428.218,9.90890907972496e-18,6.256217684425537e-19
10451.631,1.146204439474429e-17,5.824860196994335e-19
10452.094,1.0593403350642158e-17,7.169431727918499e-19
10452.208,1.0899385450561314e-17,7.039724045387367e-19
10452.671,7.567208046243729e-18,6.3328939010009245e-19
10475.056,7.450436354547033e-18,5.11414383854107e-19
10476.543,9.890177062387211e-18,7.124788152761457e-19
10476.659,9.689279148669593e-18,6.773386588271814e-19
10477.124,1.0362930755092662e-17,6.351277051458259e-19
10500.475,9.555677857802712e-18,7.37251214471082e-19
10500.65,9.552021717547462e-18,6.774629854718703e-19
10501.576,1.0131966063303508e-17,6.301937311187254e-19
10501.686000000003,8.689680455405929e-18,5.443053493344491e-19
10524.973,9.817395961274438e-18,5.503717516387719e-19
10525.803999999998,9.708116767746675e-18,6.91568748326979e-19
10526.029,1.126798671506333e-17,6.447649661734358e-19
10526.388,8.878476836212261e-18,6.929560857755205e-19
10549.42,8.69859101520661e-18,5.465194747766206e-19
10549.891,1.0086639456069453e-17,6.884978215239606e-19
10550.011,8.242829971491953e-18,6.771132006035981e-19
10550.469,1.0694803076575572e-17,6.53421557019751e-19
10573.866000000002,8.194494713028411e-18,5.391232692950801e-19
10574.238,8.816117307706571e-18,6.571541999637472e-19
10574.339,1.055605853315859e-17,6.7572354693902035e-19
10574.462,9.966352623029763e-18,6.592720045898111e-19
10596.095,6.059959817217941e-18,4.667055471286031e-19
10598.789,9.341813103656645e-18,6.455200973361765e-19
10598.912,9.635269764270963e-18,6.545944210933597e-19
10599.917,9.314651855852572e-18,6.409464114125023e-19
10622.903,8.942548349725364e-18,6.301329567238294e-19
10623.238,8.456512997296213e-18,6.283834060633872e-19
10623.842,9.809159315862783e-18,6.508103452198027e-19
10624.868,6.7538976290152224e-18,5.31083863618499e-19
10647.208,8.377543419777428e-18,5.25884877976192e-19
10647.6875,7.963586500701982e-18,6.219594283142447e-19
10648.098,9.17815180238144e-18,6.367130502156714e-19
10648.295,9.270488009306894e-18,6.402969899244594e-19
10671.655,9.698596600122182e-18,5.410637914659149e-19
10672.12,7.483101095474957e-18,6.010876306428291e-19
10672.137,7.85481014553084e-18,5.939354577433484e-19
10672.748,7.926479775379118e-18,6.372948681212327e-19
10696.103,9.856661655705987e-18,5.341594105233832e-19
10696.586,7.355536973373388e-18,5.81865982747714e-19
10696.798,7.731501848389947e-18,6.012855041549519e-19
10697.201,6.63683704059477e-18,6.44633738577235e-19
10720.55,8.181791308639244e-18,5.313696531595439e-19
10721.035,8.31557224210448e-18,5.9267008555495695e-19
10721.167,7.138404012441383e-18,5.795885004245403e-19
10721.653,6.281037677183125e-18,6.436949462600123e-19
10744.997,7.82247276518161e-18,5.207466445093444e-19
10745.484,9.237564635558575e-18,5.800558504228246e-19
10745.617,7.492586938964419e-18,5.7419866876112685e-19
10746.106000000002,5.5705714482482705e-18,6.520256261917532e-19
10769.444,8.46157537886287e-18,5.331491440163447e-19
10769.934,8.564838538784587e-18,5.641281247780184e-19
10770.068,6.438997031624419e-18,5.639084634059178e-19
10770.56,6.6874428324451635e-18,6.55613714064575e-19
10793.892,7.967783379646915e-18,5.317040722663105e-19
10794.383,9.193218763444758e-18,5.662569673605578e-19
10794.518999999998,6.304484375191142e-18,5.634783166756902e-19
10795.013,7.547449024006706e-18,6.60853878824283e-19
10818.339,7.951275430094149e-18,5.356040262268302e-19
10818.833,8.791881265251494e-18,5.533773519789369e-19
10818.97,7.543763415181822e-18,5.607927066969417e-19
10819.466,8.609295710088992e-18,6.804268214406424e-19
10842.786,9.018674040763977e-18,5.465656616983471e-19
10843.282,9.038159100594477e-18,5.480414040607429e-19
10843.421,7.544897434872474e-18,5.643342514734782e-19
10843.919,7.820370642706915e-18,6.5850290233074275e-19
10867.233,8.560139043346625e-18,5.4185837288932935e-19
10867.731000000002,8.911049581429647e-18,5.455703244618413e-19
10867.872,6.5849826939358615e-18,5.433691525744299e-19
10868.372,6.670844571869605e-18,6.618452722862325e-19
10891.681,8.859460664596011e-18,5.472717785915536e-19
10892.181,9.183494120729648e-18,5.335838333765022e-19
10892.322,8.133342137256261e-18,5.307246890559148e-19
10892.824,7.227762383251968e-18,6.787837229079159e-19
10916.128,8.706775305396413e-18,5.48897626662838e-19
10916.63,9.029729046154264e-18,5.241880758158122e-19
10916.773,8.895022993504893e-18,5.361761705012496e-19
10917.277,6.906182974832905e-18,6.836091734828362e-19
10940.574,8.81076427100537e-18,5.51342690399755e-19
10941.079,8.745721176514917e-18,5.129461495342978e-19
10941.225,9.17459212925137e-18,5.7151318508771065e-19
10941.73,9.3067918258209e-18,7.083248609264917e-19
10965.021,8.829684922335864e-18,5.637711822578925e-19
10965.528,8.945077018210778e-18,5.101185874391621e-19
10965.675,7.255575529451143e-18,5.043770053836268e-19
10966.184,9.13461362656181e-18,6.931730772347092e-19
10989.469,9.27957474184258e-18,5.67705567246462e-19
10989.979,8.394884561837852e-18,5.066877168586714e-19
10990.126,7.706487966178416e-18,5.064378462012456e-19
10990.637,8.714302514374956e-18,6.903926553700591e-19
11013.916,9.887571492230642e-18,5.777678046098418e-19
11014.428,7.81685561523039e-18,4.989294125639367e-19
11014.577,7.795886245194043e-18,5.097832528420245e-19
11015.09,8.688792684737304e-18,6.923791539957869e-19
11038.363,9.607223198139986e-18,5.800874314581437e-19
11038.877,8.367483347335924e-18,4.983947311929098e-19
11039.027,8.830311415028615e-18,5.093122242019243e-19
11039.543,9.485005228629636e-18,7.124486433013444e-19
11062.811000000003,9.490727415799942e-18,5.813089998989835e-19
11063.326,7.872477854554601e-18,4.908471166912755e-19
11063.479,8.231138415113286e-18,4.930586085965995e-19
11063.995,9.080787147887725e-18,7.194323486833891e-19
11087.258,9.614906422401594e-18,5.932413159181488e-19
11087.775,8.417225846632108e-18,4.856254702318291e-19
11087.93,8.900671913812833e-18,5.036949327447856e-19
11088.448,9.034604864228791e-18,7.1873705523272935e-19
11111.704,9.012611676104738e-18,5.94217127515419e-19
11112.225,7.981159906491004e-18,4.768439148842228e-19
11112.381,8.518207764943884e-18,4.954137222762442e-19
11112.901000000002,8.195497517846086e-18,7.226572030768187e-19
11136.151000000002,7.97916116592437e-18,5.871873002602118e-19
11136.675,8.092726681999884e-18,4.774579896911174e-19
11136.831,5.985171220239462e-18,4.652137412364724e-19
11137.3545,8.803901288266058e-18,7.2769299654812315e-19
11150.008999999998,8.099958136339083e-18,3.946786599923121e-19
11160.598999999998,7.372628043465913e-18,5.885853272168781e-19
11161.124,8.106316840061722e-18,4.796330978734307e-19
11161.282,7.134118411591661e-18,4.796974330533025e-19
11161.807,7.823004928010654e-18,7.320650011136714e-19
11185.046,8.276307048183241e-18,5.985063879888897e-19
11185.573,7.214429234804959e-18,4.690774398204001e-19
11185.733,8.213858354894565e-18,5.562594171747666e-19
11186.26,8.899804510477961e-18,7.483672717955025e-19
11195.941,8.069027808613261e-18,4.628546937467594e-19
11196.188,8.474752050386171e-18,3.460461553959318e-19
11196.489,7.111228761459484e-18,3.950239192720473e-19
11196.738,8.062930863378302e-18,3.851381188374316e-19
11209.492,8.718068555053708e-18,6.113901601015798e-19
11210.022,7.507752503870209e-18,4.668507830227271e-19
11210.185,7.03291147857634e-18,6.294854807334949e-19
11210.713,7.115409335300005e-18,7.405461825995639e-19
11233.938999999997,7.687208592403299e-18,6.084700152829855e-19
11234.472,8.920103356042294e-18,4.894422792269926e-19
11234.633999999998,8.0317387771648e-18,6.260029437844064e-19
11235.166,8.559155789324216e-18,7.636122895434335e-19
11242.661,8.708298876383004e-18,4.653568597820905e-19
11242.916,7.758068945086989e-18,3.3099466779414635e-19
11243.212,7.482647285932483e-18,3.907113394872158e-19
11243.468,8.081002034811505e-18,3.804732334038913e-19
11258.386,8.124227660430217e-18,6.3644913069695e-19
11258.922,8.707691334287015e-18,4.94010412020606e-19
11259.078,9.711410326104806e-18,5.646005845532881e-19
11259.616000000002,8.465217323087932e-18,7.925378762950728e-19
11282.829,8.232265785365782e-18,6.136235414380884e-19
11283.367,7.431545453451462e-18,4.804579267935844e-19
11283.529,7.796098706525222e-18,4.861073325125284e-19
11284.067,7.856048576607417e-18,7.588213430513352e-19
11289.381,7.496861505075816e-18,4.477181865491248e-19
11289.643,7.64370049292301e-18,3.2547259717116823e-19
11289.935,8.338810276438501e-18,3.9910288853981444e-19
11290.197,8.128958171687995e-18,3.7949503558602573e-19
11336.101,8.702321942184161e-18,4.599935343924007e-19
11336.369,7.64651476453063e-18,3.1969715335172726e-19
11336.656,7.579640478461634e-18,3.8176248462477295e-19
11336.927,8.023074944852893e-18,3.7470959602232795e-19
11382.819,8.208798089244121e-18,4.514696232919455e-19
11383.096,7.810143987318198e-18,3.177993054739559e-19
11383.379,8.273919985105312e-18,3.862177465525793e-19
11383.657,7.743747286561181e-18,3.6838108041716846e-19
11429.539,9.233968189486815e-18,4.606969656768369e-19
11429.822,8.007839116188794e-18,3.1440544005869123e-19
11430.102,7.973075524663396e-18,3.727230408317172e-19
11430.387,8.227502874415295e-18,3.738335456640446e-19
11476.258999999998,8.805068484968211e-18,4.660800863987169e-19
11476.549,8.602756051874515e-18,3.1995717710702474e-19
11476.824,8.851535501298762e-18,3.7972639794926905e-19
11477.116000000002,8.531125308708421e-18,3.773915862213301e-19
11522.978,1.0089739009895111e-17,4.785434644084575e-19
11523.275,8.723538542496333e-18,3.1895513914780607e-19
11523.546,8.515924310780833e-18,3.7057459769493537e-19
11523.845,9.42628626696797e-18,3.8958998801879863e-19
11569.697,9.735165097889162e-18,4.77905003122166e-19
11570.003,9.1397869706399e-18,3.2284443447081385e-19
11570.268999999998,9.604673550836968e-18,3.7985672872158543e-19
11570.575,9.546477932076495e-18,3.91617080965397e-19
11616.417,9.536876155179133e-18,4.770333802988841e-19
11616.7295,1.0118607554419817e-17,3.3606318679391417e-19
11616.762,9.649148570116503e-18,3.821238878117967e-19
11617.305,9.814882136562905e-18,3.9472279280215325e-19
11662.587,8.975904589114601e-18,3.7086800989461845e-19
11663.136,9.445310312451568e-18,4.731203333335226e-19
11663.456,9.313015030591024e-18,3.1977398628699747e-19
11664.034,1.0212934578971807e-17,4.0111017406206047e-19
11708.822,5.975942578844349e-18,3.535352937067512e-19
11709.855,1.0686571275353877e-17,4.753181341001576e-19
11710.184,9.063965885456919e-18,3.114481816411251e-19
11711.404,6.394785541671056e-18,3.2159743414908257e-19
11756.575,1.0358239851188094e-17,4.646499597608686e-19
11756.91,9.401084385924206e-18,3.136052393093051e-19
11757.158,9.917352879572738e-18,3.681761834563631e-19
11759.787,7.031516465422916e-18,3.5566106910148894e-19
11803.294,9.286395667115286e-18,4.480236421888096e-19
11803.637,1.0395819461875088e-17,3.2282795408365983e-19
11803.881,9.299750909570834e-18,3.519780119924229e-19
11805.063999999997,1.0118230098249502e-17,3.9331683430298334e-19
11849.632,1.0510886641356819e-17,4.594596208236768e-19
11850.364,9.952697940136212e-18,3.1256729729388e-19
11850.603,8.99684364409842e-18,3.463429630461122e-19
11850.952,1.0258655115029939e-17,3.889724140658977e-19
11895.471,9.599031772057405e-18,3.0414717734522036e-19
11896.792,1.1075370912019429e-17,4.786166986532996e-19
11897.325,9.14200789153138e-18,3.4363750184369094e-19
11897.681,1.0497853500238992e-17,3.9384587152638203e-19
11943.223999999998,7.296426336508675e-18,2.558647890932694e-19
11943.451,1.0543322510728577e-17,4.644084793250236e-19
11944.048,8.87927354172902e-18,3.3755272133668715e-19
11944.411,9.960843714396245e-18,3.892537078168805e-19
11987.257,8.574898017339653e-18,3.3208528542124847e-19
11990.17,1.011719305756637e-17,4.440945210175887e-19
11991.137,1.005710046379378e-17,3.952045753883909e-19
11993.313,7.42832783304735e-18,2.6720333401420767e-19
12036.889,1.0167518478246346e-17,4.407236883068639e-19
12037.258999999998,8.417384972854528e-18,2.797606070230774e-19
12037.864,9.531670784328225e-18,3.703999582824186e-19
12040.313999999997,2.4755748370555523e-18,3.115834207739648e-19
12079.473999999998,1.0019142153702682e-17,4.040758097913344e-19
12082.973999999998,8.583069173775916e-18,3.2598281925031743e-19
12083.608,1.0227821231788143e-17,4.3217327489833754e-19
12083.985,8.172780275793508e-18,2.7785793492372e-19
12130.327,1.0108547919464278e-17,4.258883762308749e-19
12130.713,7.971088855495096e-18,2.746763114818744e-19
12131.933,5.132086091858348e-18,2.7597173730951425e-19
12137.675,8.717759877276392e-18,3.598592108461095e-19
12175.507,9.717152533350218e-18,4.172667926348958e-19
12177.438999999997,8.257490134398895e-18,2.775247665217303e-19
12177.544,9.184471305463639e-18,3.5378717804376307e-19
12177.654,8.343927538775808e-18,3.1415527455761926e-19
12224.129,9.601018853463429e-18,4.631556030245374e-19
12224.166,8.23574488667964e-18,2.711541063993417e-19
12224.377,7.502934577259724e-18,3.0019357771187164e-19
12225.562,9.363313573173556e-18,3.463311321358752e-19
12257.859,3.7533612371101026e-18,1.8695210387535976e-19
12270.042,8.22457430698772e-18,3.865089289111766e-19
12271.1,7.561334901568586e-18,2.9804285973502585e-19
12271.512,8.537750937416779e-18,3.287926058781867e-19
12317.335,8.149272272656874e-18,3.7815871849900377e-19
12317.821000000002,7.84739267549157e-18,3.0110861608403757e-19
12318.241000000002,8.547688238172573e-18,3.3597885568436657e-19
12328.811000000003,5.083023502968338e-18,2.2310461135351186e-19
12361.826,6.474273182260022e-18,2.384623281697628e-19
12363.925,7.836819847628097e-18,3.649643424383903e-19
12364.544,7.267426140941182e-18,2.9179110262030574e-19
12364.971,8.162797108053884e-18,3.193544725299732e-19
12410.643999999998,8.020793932383993e-18,3.646993463520596e-19
12411.267,7.154998795707677e-18,2.9058429385872976e-19
12411.7,8.062876221136612e-18,3.102166297641048e-19
12413.775,6.657743036188984e-18,2.426841949303847e-19
12457.363,7.936428497536846e-18,3.567812008213403e-19
12457.801,7.36067868709254e-18,2.537403697754423e-19
12457.989,6.6602196476443055e-18,2.8174017224028316e-19
12458.43,7.887464076877167e-18,3.0495030765886675e-19
12504.083,7.656836351826533e-18,3.4754675657383887e-19
12504.527,7.059045206750464e-18,2.478397145153306e-19
12504.711,7.553037662471924e-18,2.920537879413507e-19
12505.159,7.760002693971615e-18,3.0013443987842e-19
12550.802,7.577566712232716e-18,3.435202842868928e-19
12551.254,7.003561280875806e-18,2.472192329336309e-19
12551.434,7.33759715335589e-18,2.9044483712797307e-19
12551.889,7.678184734829209e-18,2.935891400790442e-19
12597.521,7.223669549474234e-18,3.3763717469820763e-19
12597.98,6.776242813655599e-18,2.4413983942041243e-19
12598.155,6.941478682936146e-18,2.864232725350758e-19
12598.618,7.178476557983832e-18,2.850914861624829e-19
12643.764,7.523205991906036e-18,3.4034025397760634e-19
12644.707,6.879079165306082e-18,2.466241886371243e-19
12644.878,6.343834354794513e-18,2.7861191587423975e-19
12645.348,6.8264794261968205e-18,2.797171138713919e-19
12691.192,7.823365736735837e-18,3.4870099684110306e-19
12691.434,6.5540016610631315e-18,2.4179340772000164e-19
12691.601,5.6801206862206164e-18,2.713997525500356e-19
12692.077,6.662842818173974e-18,2.738788206021731e-19
12737.68,6.652093555237178e-18,3.196956916605759e-19
12738.16,6.46243134323113e-18,2.389607849686334e-19
12738.323,6.5997857999055115e-18,2.8202669074582625e-19
12738.807,6.7320454847257295e-18,2.6932024285974773e-19
12784.399,5.954772701608105e-18,3.0639332073358688e-19
12784.888,6.32891853595327e-18,2.3520237097375794e-19
12785.046,6.1214896437259994e-18,2.7048199409918504e-19
12785.536,6.4696098851475864e-18,2.6457267098574355e-19
12831.119,6.0457755277693385e-18,3.046240536103602e-19
12831.614,6.104443770243942e-18,2.3254556353203847e-19
12831.768,6.590271522332361e-18,2.7608300991902714e-19
12832.266,6.025878455918535e-18,2.5467569388473655e-19
12877.838,5.849517247169088e-18,3.0255535839865394e-19
12878.341,6.1051813866854475e-18,2.3291622663283026e-19
12878.49,7.154491804978378e-18,2.82723399726856e-19
12878.996,5.891072964458249e-18,2.5015827191328993e-19
12924.558,6.6465350963909786e-18,3.035860639659072e-19
12925.068,5.881250739592084e-18,2.2939564026151283e-19
12925.213,5.917540795365899e-18,2.707173998497979e-19
12925.726,6.09207857283137e-18,2.489454146030523e-19
12971.277,6.835390456908302e-18,2.9916301763612633e-19
12971.795,5.566107292301679e-18,2.2740515740911947e-19
12971.935,5.700304106982894e-18,2.6777760552521983e-19
12972.455,5.7299572848203905e-18,2.4245562338839155e-19
13017.535,6.0086959095009624e-18,2.843866584912594e-19
13018.521,5.749166918685405e-18,2.2797971588698254e-19
13018.657,5.412050975297667e-18,2.6163732510689677e-19
13019.185,5.498070109717535e-18,2.375035532285932e-19
13064.072,4.913110228412851e-18,2.607002361950182e-19
13064.991000000002,6.360781596878911e-18,2.924042258511322e-19
13065.248,6.079244163464672e-18,2.3072485174790737e-19
13065.914,5.418345020291868e-18,2.3153266652768054e-19
13111.436000000003,5.450103308820651e-18,2.6979905048046282e-19
13111.975,5.745279030108345e-18,2.2465278940223717e-19
13112.643999999998,5.376346708037139e-18,2.27183128489236e-19
13112.996,2.7787659888913858e-18,2.4614294484700083e-19
13158.155,5.857454527360223e-18,2.732986567142427e-19
13158.375,5.626422159403435e-18,2.3347584990615567e-19
13158.701,5.201290377981656e-18,2.2040534597688586e-19
13158.824,4.7378921721545206e-18,2.54238705366469e-19
13204.874,5.2309466079715655e-18,2.6144181328178264e-19
13205.428,4.557280270637522e-18,2.1377534946094564e-19
13205.547,5.168041974294019e-18,2.589782540328875e-19
13207.25,4.959499113639766e-18,2.2045918485604427e-19
13251.008,5.198096090106901e-18,2.6224783601088094e-19
13252.154,4.4275569021904325e-18,2.1148923454354352e-19
13252.27,5.349599811827028e-18,2.586983714539078e-19
13252.832,4.8067152692313394e-18,2.1323571961042085e-19
13298.66,5.216045553653739e-18,2.5799890560914464e-19
13298.882,4.648582033874408e-18,2.1421496785047313e-19
13298.991000000002,5.656392834929534e-18,2.876362918313558e-19
13299.562,4.690892234619196e-18,2.090821131056939e-19
13343.555,4.3634574148587015e-18,2.135883691348918e-19
13345.033,4.906366793205426e-18,2.529789675011853e-19
13345.714,4.88343556218447e-18,2.5754552376942366e-19
13346.292,4.793008414610682e-18,2.1028811428680256e-19
13391.752,4.465546042370314e-18,2.4818255683195216e-19
13392.437,4.279019126104279e-18,2.5712344311095575e-19
13393.021,4.5950277216940095e-18,2.0882602868926475e-19
13394.745,3.937480497209514e-18,2.0870642969390918e-19
13438.472,5.092694357252048e-18,2.5561262480827787e-19
13439.062,4.13464553155365e-18,2.165774220494894e-19
13439.158,4.7336369543093455e-18,2.6333669619683487e-19
13439.751,3.913463753820142e-18,2.0669370160967246e-19
13484.758999999998,5.608823611440724e-18,2.7759810159717747e-19
13485.789,4.709730619065614e-18,2.2239549126482095e-19
13485.881,4.690392247690369e-18,2.575121796360898e-19
13486.48,3.7477696948546475e-18,1.9969230823261577e-19
13532.211,5.4195390552447155e-18,2.6003447591404097e-19
13532.516,4.4106225405082356e-18,2.1435747998103705e-19
13532.604,3.960642414668476e-18,2.4674438186452995e-19
13533.21,4.418857094122215e-18,2.0200629246026012e-19
13578.631,4.832328996979954e-18,2.3753988806569986e-19
13579.242,4.056793053857508e-18,2.11269694673833e-19
13579.325,4.183419293176613e-18,2.5105238643149845e-19
13579.938999999997,4.138155403526055e-18,1.9310445514339312e-19
13624.831,4.541379382823174e-18,2.5667805446706746e-19
13625.35,5.053903111238209e-18,2.366696124749078e-19
13625.969,4.107035537536442e-18,2.1856853096041567e-19
13626.669,4.150705090026916e-18,1.9315082556499683e-19
13672.069,4.814802000439394e-18,2.299149895976573e-19
13672.695,4.0213924662117514e-18,2.15282567092186e-19
13673.388,4.330776027826864e-18,2.644567134151214e-19
13673.398,4.036796508464808e-18,1.8786637755768574e-19
13718.789,4.3244444480882344e-18,2.2380158700122967e-19
13719.422,4.155952610989286e-18,2.1253964071283753e-19
13719.492,4.385120181240951e-18,2.559265926200427e-19
13720.104,3.866477017387442e-18,1.8341920164716615e-19
13765.508,4.244635232260546e-18,2.218380811587889e-19
13766.148,4.17268853516962e-18,2.133839116280634e-19
13766.215,4.354791304061386e-18,2.5485643617845564e-19
13766.886,3.7920314598044935e-18,1.8353979355980747e-19
13811.057,4.301951038389648e-18,2.228800706419091e-19
13812.875,3.9301881233003706e-18,2.143691481334185e-19
13812.9375,4.124591675602138e-18,2.5695212772905696e-19
13813.588,3.850818070472294e-18,1.8320308079352265e-19
13859.602,4.144263185699591e-18,2.1799052501997915e-19
13859.659,3.835557450993287e-18,2.534210253911091e-19
13859.833,2.9926329932225025e-18,2.0821442393928224e-19
13860.317,3.663460850672925e-18,1.7950909986603733e-19
13905.6045,4.39031985388609e-18,2.2292818094195706e-19
13905.667,4.39241790285366e-18,2.209406151548095e-19
13906.382,3.617083858734429e-18,2.580585905386018e-19
13907.047,3.882902612885636e-18,1.7948718537483892e-19
13952.387,4.888816011580979e-18,2.2564747780900613e-19
13953.104,4.298689215024023e-18,2.6293284712711725e-19
13953.776000000002,4.0954189207235995e-18,1.831274663221345e-19
13954.008999999998,4.160405786505886e-18,2.213876120606582e-19
13999.105,4.1072192242257805e-18,2.136130576868603e-19
13999.782,4.3113657571726825e-18,2.20659542807779e-19
13999.826,3.944509990673708e-18,2.5481762541878653e-19
14000.506,4.6130057422254976e-18,1.871085801180666e-19
14045.825,4.242204805294805e-18,2.1210599036399767e-19
14046.508999999998,4.180549190321668e-18,2.193778428142945e-19
14046.549,4.114728170881854e-18,2.5564199277248457e-19
14046.736,4.49362262539137e-18,1.8408167977075532e-19
14092.545,4.1578435552760705e-18,2.1117764670574352e-19
14093.235,3.9028863601000304e-18,2.1592297100909141e-19
14093.2705,3.732078810894825e-18,2.5084512089947667e-19
14094.495,4.241477270378624e-18,1.777931634200957e-19
14139.265,3.855787123148617e-18,2.082917805254552e-19
14139.962,3.876823854262571e-18,2.217600221756727e-19
14139.993,4.085011040500002e-18,2.541282516746166e-19
14140.695,4.168870621326498e-18,1.73638278420248e-19
14185.984,4.1693072796167825e-18,2.0660308899725964e-19
14186.688,3.994800534904269e-18,2.212956668926564e-19
14186.715,4.2595862414697476e-18,2.5631821909300807e-19
14187.425,3.977230876260935e-18,1.7015511340534273e-19
14232.703,4.525062673154013e-18,2.0732350204381815e-19
14233.415,4.088400117641802e-18,2.176600095295487e-19
14233.4375,3.900964934076011e-18,2.553160958408247e-19
14234.154,4.224815480253568e-18,1.720352495803361e-19
14279.423,4.3609425985700195e-18,2.0472865018332523e-19
14280.142,4.2391612591752294e-18,2.176800271172247e-19
14280.16,4.248948402251422e-18,2.5742739116985883e-19
14280.883999999998,4.019652702383076e-18,1.683984094633586e-19
14326.143,4.418138724184793e-18,2.0269509261961013e-19
14326.868,4.3379040763961915e-18,2.1916153596083024e-19
14326.883,4.234109895999168e-18,2.570572578626473e-19
14327.613,3.752233780538003e-18,1.6410290271458618e-19
14372.862,4.324272123264379e-18,2.0064443428158091e-19
14373.595,4.128232200986564e-18,2.1660371670730014e-19
14373.6045,4.377806185118903e-18,2.59890676990617e-19
14374.344,3.8604734031050025e-18,1.6380786374211116e-19
14419.581,4.388192282495293e-18,2.0178665908218595e-19
14420.321000000002,4.149969953823107e-18,2.18156608023652e-19
14420.327,4.078662058433266e-18,2.5826009525356983e-19
14421.073,4.114341090504562e-18,1.6615368411140068e-19
14466.297,3.879932323414692e-18,1.9464080316903117e-19
14467.043,3.912540715210221e-18,2.1428550089835256e-19
14467.049,4.082380885545729e-18,2.5816040522943963e-19
14467.803,3.958793197745229e-18,1.634897556595279e-19
14513.016,3.964728422827769e-18,1.962526668616231e-19
14513.77,4.192191985353328e-18,3.4014280874171606e-19
14514.521,3.878446130420828e-18,1.6327170075315692e-19
14559.735,3.7628980092964535e-18,1.9307183644923157e-19
14560.491000000002,3.695771285219861e-18,2.551838230040109e-19
14560.496,4.001879361519081e-18,2.1090734209016932e-19
14561.251,4.18212369314702e-18,1.6736521063133893e-19
14606.455,4.023524282367958e-18,1.9568464593408597e-19
14607.214,3.594582955837004e-18,2.541149335169121e-19
14607.223,3.964503032168234e-18,2.0918000589616507e-19
14607.98,3.927974876935665e-18,1.643624038640912e-19
14653.174,3.873804111321643e-18,1.9577962105706359e-19
14653.936000000003,4.0718814148761525e-18,2.5315408056569894e-19
14653.949,3.801616957569958e-18,2.0577396142002377e-19
14654.71,3.2820742788185236e-18,1.5681079608180687e-19
14699.893999999998,4.098556627745338e-18,1.974308239983476e-19
14700.658,4.033221707838411e-18,2.519686747454225e-19
14700.677,3.681129345111603e-18,2.0288879863975245e-19
14701.438999999997,3.494383572090308e-18,1.586765694142235e-19
14746.613,3.5812857835101495e-18,1.9194706450743393e-19
14747.38,3.71420902268128e-18,2.4723962989711593e-19
14747.403,3.802196192143357e-18,2.0224904648603048e-19
14748.169,3.634837606468191e-18,1.6074770035479404e-19
14793.333,3.801575414933202e-18,1.9621184045301628e-19
14794.103,3.8967450977080296e-18,2.4708023340582007e-19
14794.13,3.77479123052284e-18,2.007004878285828e-19
14794.899,3.5231945237793694e-18,1.6075291603736284e-19
14840.053,3.7739306849562386e-18,1.927470002683891e-19
14840.824,4.105307444700377e-18,2.4671890877388966e-19
14840.855,3.59953086821749e-18,1.981435044817979e-19
14841.629,3.699812482679216e-18,1.6242472799965724e-19
14886.771,3.730400402051201e-18,1.9412124047856478e-19
14887.547,3.9997673456801275e-18,2.4269423705261873e-19
14887.582,3.8281917565400605e-18,1.9725035087969867e-19
14888.358,3.56507522252195e-18,1.5941924735519185e-19
14933.491000000002,3.6123423746605174e-18,1.9082045604011961e-19
14934.268999999998,4.081915993034436e-18,2.428021646169534e-19
14934.309,3.770206083333641e-18,1.9273595216781312e-19
14935.088,3.5293058669673154e-18,1.5858592652217264e-19
14980.211,3.611939264204636e-18,1.9008311674983497e-19
14980.991000000002,3.676124711303153e-18,2.3032434960555387e-19
14981.036,3.3423811343194573e-18,1.8561836314734184e-19
14981.8,3.5138180327168615e-18,1.5967816721315108e-19
15026.93,4.000101473894327e-18,1.9509084395994066e-19
15027.714,3.717820608065948e-18,2.3139382025942934e-19
15027.763,3.413440558730431e-18,1.8456320715252232e-19
15028.565,3.710527246587379e-18,1.6141092900345772e-19
15073.65,3.5589137908326324e-18,1.9026309189890516e-19
15073.969,3.4032249494151167e-18,2.2534860719919186e-19
15074.489,3.597457474116173e-18,1.851407586843926e-19
15075.276000000002,3.62175063342454e-18,1.5990966127929266e-19
15120.369,3.527865249478959e-18,1.9313472825944112e-19
15121.216,3.425355444759165e-18,1.8226901110400868e-19
15121.369,2.998881715607836e-18,2.3495982575336137e-19
15122.006,3.3054916046395878e-18,1.57859018504083e-19
15167.089,3.768884256827353e-18,1.9251508662055506e-19
15167.88,3.9331016237169644e-18,2.2781630175135675e-19
15167.942,3.3614228810516997e-18,1.8077096055399727e-19
15168.736,2.6574421882530424e-18,1.5874520075258967e-19
15213.809,3.3911421167278675e-18,1.9165183734528304e-19
15214.603,3.869809266939015e-18,2.2305667569987923e-19
15214.669,3.6992146039661e-18,1.834737821720259e-19
15215.466,2.5086398148549426e-18,1.5647036128688825e-19
15259.289,3.5925918892168824e-18,1.9701507123293492e-19
15260.818,3.6882611695710985e-18,2.219833423097663e-19
15261.396,3.2526137606292137e-18,1.7859958955649575e-19
15262.195,3.1616217266671927e-18,1.619447160421991e-19
15308.123,3.383814109721946e-18,1.8348400351968357e-19
15308.145,2.9821786484433415e-18,1.9764237879832463e-19
15308.275,3.641835826393464e-18,2.258647704234095e-19
15308.925,3.29788983292112e-18,1.6619328950121685e-19
15353.268999999998,2.796507779058268e-18,1.6322485961750862e-19
15353.967,3.446498865774939e-18,2.02561271622148e-19
15354.77,3.077837261193521e-18,2.181491073363706e-19
15354.799,3.329889643642764e-18,1.9129694175368962e-19
15400.142,3.0636059354150315e-18,2.1740735472106313e-19
15400.687,3.576865238469919e-18,2.0693983415303563e-19
15401.636,3.4012794188084486e-18,1.9131322932882903e-19
15405.008,2.5678907973503334e-18,1.6564660870030464e-19
15447.391,3.5276052428810786e-18,2.078991106893617e-19
15448.303,3.527914477377344e-18,1.8967763427270782e-19
15448.94,2.3455154397384568e-18,2.233839433815388e-19
15449.113,3.018742801406315e-18,1.7192564214883205e-19
15494.137,3.714102322347522e-18,2.1479462671060908e-19
15494.937,3.214666522165253e-18,2.186861378455866e-19
15495.029,3.620529214688884e-18,1.8865149219731773e-19
15495.51,3.2373676967298884e-18,1.7571278698039812e-19
15539.625,3.015817165059739e-18,1.760327990482778e-19
15540.846,3.785327885630491e-18,2.119712611716619e-19
15541.659,3.734994950500749e-18,2.2014888031107255e-19
15542.949,3.4562712710602073e-18,1.767576339273073e-19
15586.747,3.1770560482599303e-18,2.0085933397495705e-19
15588.381,3.097078947532536e-18,2.0508475267905527e-19
15589.303,3.50115214403563e-18,1.716726436179052e-19
15590.906,2.8933581007170708e-18,1.7200691677739573e-19
15634.775,3.446171952013126e-18,2.1309595981254473e-19
15635.104,2.9450993168239826e-18,1.9729283367091354e-19
15635.21,3.3665262581396652e-18,1.7140145423262236e-19
15636.032,3.128039532960261e-18,1.629816758446208e-19
15680.26,3.594107789703867e-18,1.7140266976504572e-19
15681.004,2.9743162438252893e-18,1.9429534753519706e-19
15681.826,3.2753854943117205e-18,1.9903827976198726e-19
15682.762,3.3196113871027253e-18,1.635070443193626e-19
15727.723,3.562479733066428e-18,1.9830334218495855e-19
15728.548,3.075918850472774e-18,1.9294975959397991e-19
15729.491000000002,3.0694993684806654e-18,1.5924589478950007e-19
15730.615,3.387296595896772e-18,1.6505474660420264e-19
15774.442,3.463386750786374e-18,1.9701709182918487e-19
15775.2705,2.9016897646536923e-18,1.9085787085793642e-19
15775.39,3.4364036335032157e-18,1.6011043766651008e-19
15776.221,2.9566473179750516e-18,1.5718403553082883e-19
15821.162,2.9594825199697746e-18,1.917274513360852e-19
15821.992,3.6019898597770475e-18,1.9223328978728082e-19
15822.117,3.3282756418694014e-18,1.5652471086952402e-19
15822.95,2.8455033338791463e-18,1.5675036711249818e-19
15867.882,3.3882757966434165e-18,1.9894780858873626e-19
15868.715,3.1164905150571857e-18,1.8598947702705152e-19
15868.844,3.2067395847980006e-18,1.5454605229138143e-19
15869.681,2.9962723082762347e-18,1.5982583962883796e-19
15914.601,3.0486599669426506e-18,1.988977192263319e-19
15915.4375,2.8945459299715742e-18,1.8297776452358465e-19
15915.57,3.1730173456398453e-18,1.5348150448260625e-19
15916.41,2.8285669368804587e-18,1.5835983366523134e-19
15961.32,3.364050424395472e-18,2.064140913149133e-19
15962.16,2.664394530645305e-18,1.817726611416018e-19
15962.297,2.7787899039259073e-18,1.480175683347604e-19
15963.14,2.9026105771168432e-18,1.606998444280945e-19
16008.04,3.267870639955035e-18,2.0088939686943597e-19
16008.882,2.9376999061919612e-18,1.814059472214166e-19
16009.023,2.8918939715869387e-18,1.4968515910731719e-19
16009.869,3.374604575084405e-18,1.678446915945198e-19
16054.76,3.0414727782514946e-18,1.9955283175197e-19
16055.6045,3.1491396959820965e-18,1.828195335729324e-19
16055.75,2.9326581388224297e-18,1.4820388540130655e-19
16056.598999999998,3.178758023311051e-18,1.6619322337613589e-19
16101.4795,3.116481896923293e-18,2.0445971712576996e-19
16102.327,3.2740919326956504e-18,1.8405609395084754e-19
16102.477,2.8308635973909133e-18,1.4563341258739527e-19
16103.328,2.9048914614685873e-18,1.643338531345076e-19
16148.198,2.782012550801251e-18,2.038576458953612e-19
16149.05,2.7868636169602397e-18,1.7708016547997204e-19
16149.204,3.01847726771213e-18,1.4773967257587612e-19
16150.058,2.9092606575973074e-18,1.669394981645426e-19
16194.918,3.299449913417108e-18,2.0995696655178418e-19
16195.753,2.837357804132586e-18,1.7609360504074802e-19
16195.931,3.2234181972917595e-18,1.5160027033844876e-19
16196.787,2.8261447019189248e-18,1.6764631932721721e-19
16241.637,3.1897490245838305e-18,2.1006019770704735e-19
16242.508999999998,2.6975821070510735e-18,1.7854155617544774e-19
16242.657,3.1360812745247273e-18,1.50870939151286e-19
16243.518,2.870757629312002e-18,1.6945979886831684e-19
16288.356000000002,3.0078091782318735e-18,2.1205516709762994e-19
16289.216,2.6074961744753645e-18,1.7459177185464453e-19
16289.383999999998,2.9416791765519283e-18,1.4823573272011638e-19
16290.247,2.890120317465365e-18,1.7449474274475815e-19
16335.076,2.761240790851686e-18,2.1058326796583854e-19
16335.938,2.5939064538368155e-18,1.7520695258098311e-19
16336.111,2.817779552660627e-18,1.4763796030993328e-19
16336.976,2.631498393550754e-18,1.7231741387637035e-19
16381.181,3.0347780684690703e-18,2.149222882324659e-19
16382.661,2.9668147787960797e-18,1.788818567142286e-19
16382.838,2.556997364550996e-18,1.4364603799783182e-19
16383.705,2.5187572748625562e-18,1.723588957420042e-19
16428.758,3.0882316209924356e-18,2.2493789962143907e-19
16429.383,2.62075837277502e-18,1.745003163783445e-19
16429.564,2.7810719803866044e-18,1.45308563958529e-19
16430.436,2.6520800125455805e-18,1.741967753269706e-19
16475.234,3.138560087377586e-18,2.2502233321917215e-19
16476.105,2.427477018609547e-18,1.7363864947146364e-19
16476.291,3.0738458768012336e-18,1.5392793980468686e-19
16477.164,2.750237547961499e-18,1.7938634464600966e-19
