LAMBDA,FLUX,FERROR
8017.0293,2.1066165289021946e-18,1.2097773912377093e-18
8017.9940000000015,6.412461986489289e-19,1.1679270851310063e-18
8019.0137,-1.4627286424169952e-19,1.2274552700734254e-18
8019.9569999999985,-1.311156937620314e-18,1.1817268826764403e-18
8021.4355,-1.3110908230532632e-18,1.37497779883881e-18
8021.8906,-5.22452191403153e-18,1.3555276957717498e-18
8041.175999999998,-2.933337803674078e-19,1.1479348984374163e-18
8042.1416,-4.096715197401257e-19,1.0713252044159607e-18
8043.1680000000015,5.258267511508347e-19,1.1807778914711217e-18
8044.113,-1.1217552379060428e-18,1.112261486601391e-18
8044.2573,1.410699611558114e-18,1.246576586293463e-18
8046.055,-1.27645540654582e-18,1.276723900004273e-18
8065.321999999999,-5.4442906488313914e-18,1.1099218152438824e-18
8066.289000000002,-7.211926744580605e-19,1.0276016619962722e-18
8067.3228,-2.3767922813765714e-18,1.1298669065897595e-18
8068.269,-1.0813537531067653e-18,1.1094403749643371e-18
8069.772,-3.1324305961171386e-18,1.167948142494584e-18
8070.22,1.469842354001464e-18,1.2134925582633873e-18
8089.4683,-2.316712265733596e-19,1.0222352989152588e-18
8090.436,-1.0299063025625725e-18,9.927042910876018e-19
8091.4775,-2.2824564840258024e-18,1.0543586927312377e-18
8092.425,-2.96508465160949e-18,1.0451832170243364e-18
8092.558000000001,1.7145088418699737e-19,1.1541126574884601e-18
8094.385,4.399309447660932e-19,1.1604844999754055e-18
8113.6143,-8.330373267183126e-19,9.745674209893808e-19
8114.5835,-3.1050409980403938e-21,9.537490678131304e-19
8115.632,-1.314022186597808e-18,1.0078056270688596e-18
8116.5806,-1.80874852263894e-18,1.004584269355218e-18
8118.1616,-1.6556033264541235e-19,1.1500701925685805e-18
8118.55,-1.6858422701285907e-18,1.0912758642641273e-18
8137.6396,-1.0381715420874721e-18,9.518823051672467e-19
8137.643,-8.839965866134022e-19,8.675235927098763e-19
8139.7866,-5.221394106527745e-19,9.81135679682462e-19
8140.736999999999,-4.103769999123676e-19,9.290052418082027e-19
8141.7827,-3.8179536589849497e-19,1.0336920293445227e-18
8142.7144,-1.2601883653025696e-18,1.0509859888342013e-18
8161.985,-7.941642141337936e-19,9.842059371733036e-19
8163.9414,-7.340054824935771e-19,9.284071164691357e-19
8164.210999999998,1.4174591653807128e-18,8.640500932014655e-19
8164.8926,-2.1928504636268946e-19,9.229358772752198e-19
8165.9463,-1.0769347244759601e-18,9.79944763775663e-19
8166.8794,-1.1309057092269655e-18,1.0001738596591675e-18
8186.053000000001,-1.5528816551502418e-18,8.454838726512154e-19
8187.0254,-1.5828835233664743e-18,8.228788370662417e-19
8188.096,-6.413914209784535e-19,9.071578399328758e-19
8189.049,-9.28072038485715e-19,8.57514934052381e-19
8189.9106,-5.725021983741216e-19,9.19690047963063e-19
8190.11,-4.818943980429692e-18,9.592295599045511e-19
8210.199,-2.178350182744666e-19,8.209437824817945e-19
8211.173,-1.1161284039151632e-18,7.9013803243268855e-19
8212.251,-1.922486245295357e-18,8.4043180405612e-19
8213.204,-2.864820884538633e-18,8.057694283949238e-19
8214.273000000001,-2.297937109298394e-18,9.136389824314274e-19
8216.632,4.982880999091757e-19,8.963278767180605e-19
8234.346,-6.415435095080293e-19,7.836011560160381e-19
8235.32,3.5309500415843106e-19,7.917190511551968e-19
8236.405,-1.7665774952426215e-18,7.966984391198067e-19
8237.36,-2.1830263539687763e-18,7.806460484680732e-19
8238.437,-6.397263499873228e-21,8.54961346390353e-19
8239.374,-4.662768522507678e-19,8.53998312345227e-19
8258.492,1.146081728065766e-18,7.519329175378032e-19
8259.468,-7.328240931942344e-19,7.267134258897844e-19
8260.451,-4.420768949202774e-19,7.97293839124437e-19
8261.517,-3.62977647551722e-18,7.233597102203265e-19
8262.601,-1.5066569431881967e-18,8.083977691453362e-19
8263.539,-1.9418119153743307e-18,8.343227845790311e-19
8282.639000000001,5.907721984164511e-19,7.174893433251699e-19
8283.615,-6.591104596198091e-20,6.699394684761468e-19
8284.782,2.348657102358023e-19,7.831568075318308e-19
8285.673,-1.440978835700066e-18,6.87125841587895e-19
8286.764000000001,-1.2861875346490178e-18,7.520953843492945e-19
8287.704,-1.6310899130524164e-18,7.687185914343015e-19
8306.784,-1.2155339844907336e-18,6.718621740882442e-19
8307.763,1.0151277424738402e-18,6.7358448927446675e-19
8308.87,4.411886270324609e-19,7.091069376559524e-19
8309.828000000001,3.1545570650235067e-19,6.63821062287842e-19
8310.928,4.4417410058800685e-19,7.584229448446175e-19
8311.869,-5.588114429515475e-19,7.276216676510503e-19
8330.931,2.085641745568572e-19,6.481322936770514e-19
8331.036,3.537981497883116e-19,6.158821998334524e-19
8333.024,-4.721760433055186e-19,6.6694852607341745e-19
8333.984,1.5566276229726024e-20,6.362305570382011e-19
8334.056999999999,6.491673161116739e-19,7.075267525022086e-19
8336.034,-4.199067717898228e-19,6.870570686654172e-19
8355.077,9.550028046748863e-20,6.257619843594599e-19
8357.128,-6.211910042603879e-19,5.976122424499099e-19
8357.18,7.917194943022521e-19,6.537484397488215e-19
8358.141,6.304843671021347e-20,6.181239096736193e-19
8360.086,-3.875652453254367e-19,6.320131067061954e-19
8360.199,-4.520655518969344e-19,6.756509565646661e-19
8379.224,-1.4064813612015066e-18,5.954198726267473e-19
8380.205,1.2310999004712532e-18,6.061048281290034e-19
8381.334,6.2989928375394575e-19,6.321392703449863e-19
8382.296,-3.3540663362327e-19,5.799270806842611e-19
8383.418,-9.601188344073304e-19,6.574156840561237e-19
8384.364,-2.5064019398558533e-19,6.565225878721954e-19
8403.37,-3.028250994314715e-18,5.980913550476947e-19
8404.353000000001,1.6662106189182917e-18,5.858035832691162e-19
8405.489,-8.369509042552142e-20,6.231431328763115e-19
8406.453000000001,-3.4918626688816904e-19,5.784554982557884e-19
8407.581,-7.114873473067739e-19,6.361852695146822e-19
8408.529,-2.0860812543556232e-19,6.280611319972836e-19
8427.517,-1.2326776579540248e-18,5.7866224691203065e-19
8428.5,1.3557989279167307e-18,5.8565399083084505e-19
8429.644,4.434020789742391e-19,6.193063051106671e-19
8430.028,-1.7301063512911298e-18,5.594322133126469e-19
8431.744,-5.568709748263131e-19,6.145309375122092e-19
8432.694,-1.1672522992190918e-18,6.023864940500887e-19
8451.641,1.2756533790690182e-18,5.920484237386073e-19
8452.646999999999,9.554284224307378e-19,5.560985408200785e-19
8453.799,-8.8902358289704e-19,5.759694348455557e-19
8455.523000000001,-1.004174035661155e-18,5.374654541462763e-19
8455.908000000001,-7.021766094914251e-19,6.028573544990425e-19
8456.859,-1.4821646244332934e-18,5.743424749298737e-19
8475.823,1.7056158843331791e-18,6.01469262291258e-19
8476.795,-3.7250176515331344e-19,5.443727032401829e-19
8477.953000000001,-4.572404713887689e-19,5.515347272089001e-19
8478.921,1.0844474397322565e-18,5.350476720884942e-19
8480.071,1.8453538520509474e-19,5.777973677138238e-19
8481.024,-9.985972171333295e-19,5.603915083789822e-19
8499.238000000001,5.667343117152961e-19,5.510901908673209e-19
8500.942,-1.3388283886428852e-18,5.256286104513751e-19
8502.108,6.113803062868166e-19,5.437100908880939e-19
8503.077,-1.0156477059977982e-18,5.07707549620386e-19
8503.826,-1.161608851664172e-18,4.97513447048545e-19
8504.235,1.2509194371425242e-18,5.854065973509366e-19
8524.643,1.4114085282206048e-20,5.781365025529139e-19
8525.09,-3.797515318693986e-19,5.050347032629549e-19
8526.264000000001,8.877398751750688e-19,5.462442694894359e-19
8527.233,-1.1084029823687734e-18,4.877115219012287e-19
8528.398000000001,-4.159340763791049e-19,5.407409873264161e-19
8530.835,-6.56815063103189e-19,5.153035345797951e-19
8548.231,-7.103046220942554e-19,5.197165004561735e-19
8549.237,3.878723652752493e-19,4.877085268063037e-19
8550.418,5.617657599792212e-19,5.251204650616857e-19
8551.39,-1.0827425249059925e-18,4.802259875285851e-19
8552.5625,6.440241879399936e-19,5.541392412056848e-19
8553.52,-4.2303742531907387e-19,5.245848115931864e-19
8572.378,-5.347992384838387e-19,5.115725605737284e-19
8573.385,-5.808612588165053e-19,4.912350921716467e-19
8574.573,4.1355494681253226e-19,5.188040137500521e-19
8575.546,-6.020741839233971e-19,4.795185787253466e-19
8576.726,1.288541207613892e-18,5.476519881576683e-19
8577.685,-5.755954684947953e-20,5.218606646057962e-19
8596.524,-2.064997844173531e-19,5.161626087381323e-19
8597.521,3.8721896215586516e-20,5.351055765652548e-19
8598.728000000001,2.284187381951177e-19,5.269481869419637e-19
8599.702,-4.409837186832982e-19,4.764177195890658e-19
8600.89,9.4387828644069e-19,5.366062405259051e-19
8601.85,3.4638934484712876e-19,5.20138802313697e-19
8620.671,9.908879014208111e-20,5.361452047224166e-19
8621.662,-5.699324318940122e-19,4.846365443387114e-19
8622.883,-8.940197722770545e-19,5.017005371513878e-19
8623.858,-1.6575306076807375e-18,4.725641715412413e-19
8625.053,-5.168824987752317e-19,5.315310143727825e-19
8626.015,5.002493935874959e-19,5.137373550840753e-19
8644.815999999999,-4.9516067091969513e-20,5.29075164640714e-19
8645.81,-8.339895870100878e-19,4.75660600538408e-19
8647.026,8.290115699438154e-20,5.671660289689191e-19
8648.014000000001,-7.587409278463157e-19,4.677719761934647e-19
8649.216999999999,7.643877065172643e-19,5.265070614942876e-19
8650.18,-9.510580531691637e-19,5.044968425903327e-19
8668.963,-3.0961009878797334e-18,5.098812080864185e-19
8669.957,-1.7322557097471457e-18,4.626178050095781e-19
8671.177,-2.334139684444274e-19,5.085566455768648e-19
8672.17,-1.6034336191481332e-18,4.586448807991755e-19
8673.38,8.031244545142553e-20,5.080579907738732e-19
8674.345,-8.314956839044811e-19,4.912522528403221e-19
8693.109,-1.0932958382268047e-18,4.987822700538216e-19
8694.1045,-1.3558112931654103e-18,4.594281315563384e-19
8695.331,6.715977271695162e-19,5.071140027594695e-19
8696.317,-6.785659687005266e-19,4.949585782469871e-19
8697.544,-2.311603446460686e-19,4.957140861917199e-19
8698.51,-8.130210286733012e-19,4.783143979280159e-19
8717.256,-7.1525362877115675e-19,4.707951876689978e-19
8718.252,1.4094853225507964e-21,4.5465202427470125e-19
8719.485999999999,1.1144017248629555e-18,4.919422433045703e-19
8720.464,-1.2193213037413407e-19,4.485140443160699e-19
8721.707,2.4104911336697503e-19,4.86803815000032e-19
8722.675,-4.450631346042134e-19,4.668461324251507e-19
8741.402,-8.289338429166851e-19,4.570728949668917e-19
8742.399,-6.031410381552763e-19,4.37778892956434e-19
8743.641,-1.609405665093567e-19,4.648160111070794e-19
8744.62,-3.756317026078006e-19,4.2858742925922054e-19
8745.86,-1.2136332188584637e-18,5.10923444744505e-19
8746.832,1.1012601163444858e-19,4.917918224098042e-19
8765.549,1.4027982328658135e-19,4.492842190816271e-19
8766.546999999999,-1.1524773978968013e-18,4.1534107050048334e-19
8767.796,1.1282558658910012e-19,4.548232167465372e-19
8768.776,-6.622081048261842e-19,4.171000438380183e-19
8770.02,-6.400222438198207e-19,4.672866273827485e-19
8770.985999999999,3.204703935076365e-19,4.514960710177474e-19
8789.695,-3.4594986282727013e-19,4.441853312343145e-19
8790.694,-3.430372122520504e-19,4.1207726894322756e-19
8791.95,1.3248583039047207e-19,4.486886736840755e-19
8792.933,-6.572849113855372e-19,4.0969624479633554e-19
8794.184000000001,-1.7747549669231216e-19,4.580271040026465e-19
8795.151,1.7550752883351211e-19,4.381711911834777e-19
8813.841,5.932967944385949e-19,4.456100324869412e-19
8814.841999999999,1.7903681525148729e-19,4.21435465868913e-19
8816.105,2.0762393302264862e-19,4.455005921781669e-19
8817.089,-6.154159186840395e-19,3.986776610869308e-19
8818.347,4.480038620948879e-19,4.472163208311924e-19
8819.315999999999,5.640404916574504e-19,4.338709590542137e-19
8837.987,-1.4813256787463475e-19,4.390000267762386e-19
8838.989,-2.6497748524664515e-19,4.09132537312905e-19
8840.261,-2.443414680674624e-19,4.352015107228527e-19
8841.245,1.7496912108676504e-19,4.026719875759023e-19
8842.511,1.5251680943836008e-18,4.474319394369312e-19
8843.481,7.422587372861308e-19,4.209934060864703e-19
8862.134,-1.6175359246687636e-21,4.474725399350228e-19
8863.136999999999,-2.5791679612095596e-19,4.0626704301422406e-19
8864.415,-4.49179130962499e-19,4.344041259675826e-19
8865.401,3.2028141722191073e-19,3.9499457339828667e-19
8866.674,-1.0352344544358322e-19,4.2429067705742497e-19
8867.646,-5.934163578559055e-19,4.0800390088669305e-19
8885.112,-1.8704409114121856e-19,4.34980347543459e-19
8887.284,1.714183770738667e-19,4.0482995981559713e-19
8888.57,-2.825733225112478e-19,4.222688960465115e-19
8889.558,-2.1407278561134396e-19,3.87219922062227e-19
8890.838,-3.3649755857011524e-19,4.2023581859101714e-19
8891.812,-5.608803201481163e-19,4.042484572024222e-19
8911.393,-1.1044328097724895e-19,4.113212609710911e-19
8911.431999999999,-7.656219880157247e-20,4.0101211259138776e-19
8912.725,-2.368227339654432e-19,4.202256955577317e-19
8913.713,-7.653333086752809e-19,3.72196724233277e-19
8914.011999999999,-1.1382428911129608e-18,4.042101708038164e-19
8915.976999999999,5.755125587841801e-20,3.99116839068154e-19
8934.572,-7.977716422700393e-19,4.2667569929960697e-19
8935.579,4.1631942698124375e-19,3.9783386994550793e-19
8936.88,-9.028879530510876e-19,4.272265133882184e-19
8937.869,-1.5788822437450747e-19,3.7994705059453037e-19
8940.035,-4.82274895869139e-19,3.719561454903029e-19
8940.142,-2.6573568219418845e-19,3.953399680662565e-19
8958.719000000001,8.296852783817899e-19,4.255293387655276e-19
8959.726999999999,2.6717399921604e-19,3.9575059808799007e-19
8961.034,-9.199224801405586e-19,4.149374763746437e-19
8962.025,-4.7673349825500886e-20,3.774302895069569e-19
8963.328000000001,-1.0435137643152646e-18,4.011165867717072e-19
8964.306999999999,3.8776570412567047e-19,3.9656362317480453e-19
8982.865,1.4556834921790105e-19,4.156397382244615e-19
8983.873,-2.3581903912821797e-19,3.942510442987774e-19
8985.189,-1.0016039229691194e-18,4.1277823627513807e-19
8986.181999999999,-5.281458953491065e-19,3.709190493399765e-19
8987.492,3.3563359229663678e-19,4.094671758321763e-19
8988.472,-3.012469651524466e-19,3.7883899084932606e-19
9007.011,-3.337867901059067e-19,4.1543217381690745e-19
9008.0205,-1.1608595342847742e-19,3.863209654192466e-19
9009.344,-4.473527566533853e-19,3.95867794971139e-19
9010.338,-1.067966966803374e-18,3.7483789977265367e-19
9011.655,6.48614430736468e-19,4.0893187731366773e-19
9012.637,-2.562374130367245e-19,3.772765740042756e-19
9031.157,2.1522607906416739e-19,4.124743164212718e-19
9032.168,4.3040313322059523e-19,3.8972116590307414e-19
9033.499,2.0480473180738237e-19,4.0529144784460356e-19
9034.494,-1.2141769343817843e-18,3.6355756244793504e-19
9035.818,-2.3743644840765043e-19,4.0012777725439608e-19
9036.802,-3.4735227447856635e-19,3.7906432330621464e-19
9055.304,4.186508061888502e-19,4.19342832826567e-19
9056.315,1.472410923200426e-19,3.932250788407176e-19
9057.653,-1.796538791244805e-19,4.0571118091420967e-19
9058.649,-6.180047114639267e-19,3.680436436311787e-19
9059.982,2.5373622727697566e-19,4.0313021176789432e-19
9060.967,-5.636592695899387e-20,3.8693852428699986e-19
9079.449,3.327388938522778e-19,4.235468632667949e-19
9080.463,3.5446495063351024e-18,4.121069184694774e-19
9081.808,-5.926849591558297e-19,3.9683159349362205e-19
9082.806,3.067495384049942e-19,3.679800256819414e-19
9084.1455,-4.077254070325226e-19,4.050256711510843e-19
9085.132,6.305000600887438e-19,3.9786703536356337e-19
9103.596,-8.685626045578301e-19,4.2860955099894397e-19
9104.61,2.2994036234030395e-18,3.98085660701924e-19
9105.963,4.1083003788226836e-19,4.0328729293275335e-19
9106.962,1.4169068742585387e-20,3.6801344815892294e-19
9107.981,-1.6504705350178678e-19,3.4695160450315155e-19
9108.31,4.436817305400858e-19,3.9765722964233494e-19
9127.742,2.3266169743740817e-19,4.1685550270016214e-19
9128.758,1.0835993794644341e-18,3.9487675129414914e-19
9129.601,5.143984210390893e-19,4.104146040886819e-19
9131.117,-3.125111591378177e-20,3.63209472414347e-19
9132.473,2.7600550294045473e-19,4.066280629810395e-19
9134.9375,-7.511293611028839e-19,3.7148547871287227e-19
9151.888,8.241317924237473e-19,4.192734843958626e-19
9152.905,1.2625829763187274e-18,3.9029396541892463e-19
9154.571,6.919355685964375e-19,4.2499034926557225e-19
9155.274,1.1518616628745816e-19,3.6077509527058594e-19
9156.637,-2.5639024104190605e-19,3.902747762728359e-19
9157.627,-1.540866041274301e-19,3.7821709747067004e-19
9176.034,2.553397833890938e-19,4.1441556692250835e-19
9177.053,3.2262637332299443e-19,3.737226950982929e-19
9178.427,8.650526326154979e-19,3.9827649922266886e-19
9179.43,4.65501654603992e-19,3.596845569045321e-19
9180.8,2.491881022158568e-19,3.8153327277183093e-19
9181.792,5.753475686174987e-19,3.826854997412719e-19
9200.181,1.1343077600755733e-18,4.1119789066629793e-19
9200.929,6.785726682580874e-19,4.0662186913832867e-19
9202.581,8.434586636827271e-19,3.978908095386209e-19
9203.586,5.925453830694268e-20,3.5177386529266267e-19
9204.963,6.824036249311308e-19,3.8862154781577864e-19
9205.957,7.559877392141509e-19,3.812700280535914e-19
9224.326,5.912660502484597e-19,4.075499600984056e-19
9225.362,2.4408876232177418e-19,3.6485167776253043e-19
9226.736,1.0181430628609565e-19,3.8623584621523967e-19
9227.742,-2.568654331356428e-19,3.502745676549398e-19
9229.127,-9.51578398108063e-20,3.8243079880665414e-19
9230.122,6.091412557290043e-19,3.68435607780122e-19
9248.473,4.735502671800824e-19,4.03865261089798e-19
9249.986,6.712354181707651e-19,3.8627273947063726e-19
9250.891,1.22171769421561e-18,3.9608727831695574e-19
9251.897,-5.871064856559679e-20,3.5118464104827093e-19
9253.29,4.8675117567688895e-19,3.897577462265184e-19
9254.287,3.966359090798712e-19,3.8177832873872553e-19
9272.618,6.538994149519406e-19,4.0566041433069515e-19
9273.642,1.3016645435414654e-18,3.8122390460283004e-19
9274.593,4.164955973385303e-19,3.963812994472046e-19
9276.055,5.626279977977708e-19,3.5523462917582373e-19
9277.454,-1.1291885798582003e-18,3.996446181084017e-19
9278.452,1.2018402804017612e-20,3.732209071485818e-19
9296.765,9.440518807901865e-19,4.107547498248374e-19
9297.788,8.98635974609917e-19,3.809309532372688e-19
9299.429,8.564349016950162e-19,4.19284323102951e-19
9300.21,2.692986322308808e-19,3.5253911619700777e-19
9301.617,4.575747194814831e-19,3.847040480072376e-19
9302.616,-1.6654862207236333e-19,3.665613759035529e-19
9320.91,5.076129491950745e-19,4.119063724611032e-19
9321.936,1.1305138752026135e-18,3.8468733875471587e-19
9323.3545,5.107226790854402e-19,3.86343465918909e-19
9324.365,9.916929200089599e-20,3.5920712882355726e-19
9325.78,6.385405917649922e-19,3.836282315796128e-19
9326.781,2.581827008277017e-19,3.675762765315229e-19
9345.057,1.5157161596633594e-18,4.1827738982318164e-19
9346.083,1.08131989255009e-18,3.8908561518867114e-19
9347.509,1.3937298443415145e-18,3.9790726637823323e-19
9348.521,6.004968167426485e-19,3.589807178544531e-19
9349.944,7.783602592338979e-19,3.887969158771586e-19
9350.946,4.1934245900193286e-19,3.731089581266842e-19
9368.278,1.0371833911463861e-18,4.1602466403044347e-19
9369.192,5.12693760741604e-19,4.337724701617904e-19
9371.663,1.7260399614558358e-18,4.0828144851148846e-19
9372.678,1.0925249118874488e-18,3.697702417146166e-19
9374.107,4.826871394773385e-19,3.8717834526589934e-19
9375.111,1.4249341536622055e-18,3.86032244103877e-19
9393.356,3.2480875344016166e-19,4.639547912650034e-19
9395.818,1.3678948240287574e-18,4.0948903970339526e-19
9396.034,1.967967670355007e-19,3.9161969116709023e-19
9396.833,5.435669929153307e-19,3.706045266558668e-19
9398.2705,4.755092563283381e-19,3.8640132101124093e-19
9399.276,1.1314431114878994e-18,3.78599779186947e-19
9417.859,6.982466758052902e-19,4.357985598140358e-19
9418.524,1.1193930316690943e-18,3.979922290841462e-19
9419.973,1.0505925821221027e-18,4.03725671223401e-19
9420.989,2.870411324512377e-19,3.609846559539043e-19
9422.434,1.1083552072147307e-18,3.941166024417954e-19
9423.441,6.666428953853439e-19,3.748586753163428e-19
9441.641,1.1738425149940136e-18,4.2439266692710837e-19
9442.672,1.8376463215400655e-18,4.025991474110925e-19
9444.127,1.0213206032571342e-18,4.0549764943601654e-19
9444.924,8.204662011156845e-19,3.952396540678575e-19
9446.597,9.400533783052085e-19,3.994772454192376e-19
9447.605,1.1806290280087077e-18,3.8308646053775105e-19
9465.786,1.724470337842222e-18,4.302574083289528e-19
9466.818,1.2027158663958769e-18,3.9539919364734506e-19
9468.281,1.2193793268765055e-18,4.1400881750670507e-19
9469.752,7.565900956002087e-19,3.8499729658060964e-19
9470.76,7.292270376493303e-19,3.9652507179079093e-19
9471.7705,4.388200311616182e-19,3.8669682768418137e-19
9488.768,-3.576043066225767e-19,4.158815179218482e-19
9489.926,1.3262535737111139e-18,4.760435667539936e-19
9491.494,1.2949729703288443e-18,4.1488934246705444e-19
9493.457,4.378498789618187e-19,3.7138551082281297e-19
9494.924,5.122448825585001e-19,3.9021307129449556e-19
9495.936,-2.6551041135948552e-19,3.911508602779576e-19
9514.071,1.5171543602210193e-18,4.1399768820351163e-19
9516.967,1.3597900075487136e-18,4.40332794759332e-19
9517.612,4.514855421588446e-19,3.752736849782893e-19
9518.375,5.749221696179126e-19,3.9578706949428803e-19
9519.087,6.168621717250699e-19,3.9606598033063597e-19
9520.101,-4.877424491968152e-20,3.9607828061444294e-19
9537.285,9.743887190748892e-19,4.0641046433698894e-19
9539.255,1.6606592444859515e-18,4.42033856514393e-19
9540.744,8.70078359318637e-19,4.080805268747961e-19
9541.769,7.602889412282069e-19,3.744831734718526e-19
9543.25,1.7439239031637545e-19,4.003530314105525e-19
9544.265,6.872549969234783e-19,3.9782118581633117e-19
9562.74,5.91174206692752e-20,4.019071793772597e-19
9563.398,1.2113995985000895e-18,3.8649229827930916e-19
9564.898,6.436011185057205e-19,4.1085989558026947e-19
9565.925,5.038971236513819e-20,3.7025790298797923e-19
9567.413,1.0735983316279498e-18,3.947738304046197e-19
9568.235,1.3066299199956474e-18,4.23457501117223e-19
9586.509,1.46555791979695e-18,3.8937278493308894e-19
9587.546,1.5076498159792687e-18,3.7839316971637966e-19
9589.049,6.81349331424947e-19,4.66045306341473e-19
9590.08,4.51867650330173e-19,3.7532014703337026e-19
9591.576,1.4561730006315942e-18,3.985413973517724e-19
9592.911,1.410980777630385e-18,4.116184296272398e-19
9610.654,6.271605469639463e-19,3.743866586039704e-19
9611.693,1.831199828940873e-18,3.7473836149514495e-19
9612.346,7.486997142100148e-19,4.00750521909554e-19
9614.235,9.655582955518052e-19,3.703770075519537e-19
9615.739,9.98562846447666e-19,4.020344676542159e-19
9616.76,1.4092322536948e-18,3.9623470872611387e-19
9634.801,-2.791760183817001e-19,3.624064919386779e-19
9635.84,7.51956680358613e-19,3.56788720525732e-19
9637.643,2.104378626859041e-19,4.041387818121336e-19
9638.389,1.0854679028908208e-18,4.170671176599583e-19
9639.902,6.465085797534178e-19,3.986582663377603e-19
9640.924,8.359211735148611e-19,3.9221675302466227e-19
9658.946,4.661049471787686e-19,3.581875315941864e-19
9659.987,1.021147432087546e-18,3.497943467641294e-19
9661.51,7.701359417483774e-19,3.824032722988092e-19
9662.539,1.3379659879539405e-19,3.6336243970876433e-19
9664.065,9.5157181840149e-19,4.068159829966273e-19
9664.415,1.4823718539464402e-18,4.139977437310293e-19
9683.093,1.40462693277896e-19,3.487019840797702e-19
9684.134,8.416892194088414e-19,3.4285827844655443e-19
9685.664,1.1493664834110754e-18,3.804189226103647e-19
9686.694,9.727613852490754e-20,3.5396928375580624e-19
9687.924,9.775301055293387e-19,4.631674352412557e-19
9690.472,1.1146979983552203e-18,4.418764191911563e-19
9707.239,1.105733550164563e-18,3.495009697633916e-19
9708.281,1.3335755701574087e-18,3.4021478797936513e-19
9709.819,-3.9426806593567744e-19,3.659682330741201e-19
9710.851,3.4487424899644355e-19,3.4936206456156243e-19
9712.478,7.882265250565397e-19,4.361073610005675e-19
9713.409,1.0186565687654759e-18,3.968905607462495e-19
9730.376,9.236764102987078e-19,3.41828352963097e-19
9732.428,6.833068062081644e-19,3.3129232658265476e-19
9733.974,7.196725917273172e-19,3.717631936733723e-19
9735.006,2.6083834177234743e-19,3.405879532405851e-19
9735.69,2.2414750142318543e-19,3.893745433314105e-19
9737.574,7.580854324785316e-19,3.914613053128841e-19
9756.146,7.734566591646814e-19,3.5291512546973787e-19
9756.575,1.0940478775407783e-18,3.262156212680669e-19
9758.128,1.3845651435246026e-18,3.59719800508286e-19
9759.162,9.735795508653022e-19,3.3703188536554024e-19
9759.452,4.492126900192706e-19,4.2934626672986626e-19
9761.738,6.623901005246797e-19,3.863039040573916e-19
9779.677,6.257092417817576e-19,3.2139625801507267e-19
9780.723,7.532742637984908e-19,3.205479698709557e-19
9782.282,1.5355205412641344e-18,3.4459485633792255e-19
9783.317,1.4267739533057445e-18,3.2950728158729853e-19
9785.317,1.5856354277734802e-18,4.64680661305076e-19
9785.903,5.990580227960394e-19,3.708404819511338e-19
9803.823,1.321386007369995e-18,3.239484243335492e-19
9804.87,8.79181148958752e-19,3.1737842084030994e-19
9806.4375,1.3121448080502075e-18,3.4183397305509506e-19
9807.473,6.180367056026767e-19,3.184852175491391e-19
9809.3955,7.974186164655264e-19,3.9348332026651407e-19
9810.067,4.411689850625515e-19,3.6473331616123816e-19
9826.948,1.6078649619647418e-18,3.2388376871856173e-19
9829.017,1.3852184384318476e-18,3.0666614222877436e-19
9830.592,1.461128636308253e-18,3.3838561265130433e-19
9831.629,6.548184716637578e-19,3.137254733540334e-19
9833.202,3.2904429879329494e-19,3.610617101212372e-19
9834.232,2.353768320561947e-19,3.5189974272022233e-19
9852.805,1.1458340938401841e-18,3.2913180264634683e-19
9853.164,1.187287098631724e-18,2.9840076068193235e-19
9854.746,5.632919762834585e-19,3.273641798971426e-19
9855.785,4.854179704355905e-19,3.0891232129867162e-19
9857.365,3.0589285323841413e-19,3.5094231970042955e-19
9858.397,1.7630836680812873e-19,3.39580409339922e-19
9876.262,3.40312171286449e-19,3.0567749536047997e-19
9877.312,1.2182245296837633e-18,3.0117151418658956e-19
9878.9,7.790802357997183e-19,3.2115500581550054e-19
9879.94,2.351863630394427e-19,3.0213340811791567e-19
9881.528,1.833692503178934e-19,3.5510539792709466e-19
9881.822,2.653112765891729e-19,3.6663662564341335e-19
9900.408,4.3038826423439842e-19,3.0222714462085304e-19
9901.459,1.2282667803902825e-18,3.033470765397546e-19
9903.056,8.419609530907977e-19,3.1892342123749123e-19
9904.097,6.149737288891368e-19,2.991583169286373e-19
9905.692,4.870690070286752e-19,3.452302486332077e-19
9907.864,3.308131449337758e-19,3.403191031720118e-19
9924.554,8.082712476973333e-19,2.991944312736959e-19
9925.606,1.713725165462535e-18,2.9186978766290706e-19
9927.21,3.1764985704934796e-19,3.150474103516936e-19
9928.252,5.692807644173393e-19,2.9515968322775926e-19
9929.855,-3.202020180425224e-19,3.297934364231258e-19
9930.892,2.687903782188839e-19,3.2906420398967496e-19
9948.7,3.354863515453635e-19,2.927555732469806e-19
9949.754,9.384986414418987e-19,2.811604370834142e-19
9951.364,1.0963641337453938e-18,3.084529314863883e-19
9952.408,3.0045296473103074e-19,2.8625149050206146e-19
9954.019,7.273504310783515e-19,3.303110622723574e-19
9955.057,1.463119506102783e-19,3.2156738488652393e-19
9972.847,8.179455862849339e-19,2.868378138912624e-19
9973.9,5.009002676439197e-19,2.7525148915524533e-19
9975.52,1.3570773181557495e-18,3.0142161264452104e-19
9976.564,4.2214799609510344e-19,2.8106507148940754e-19
9978.182,5.289325654046226e-19,3.2030253516950323e-19
9979.221,2.9419824403105654e-20,3.148319245250404e-19
9996.993,1.1325131621704018e-18,2.784789358386967e-19
9998.048,8.266476777790037e-19,2.697440739063688e-19
9999.674,1.2414698774557925e-18,2.948047110165905e-19
10000.72,7.549102301600281e-19,2.7599219615988403e-19
10002.345,1.077211989669336e-18,3.1440471337857507e-19
10003.386,5.20221655500903e-19,3.17982907003102e-19
10021.139,1.2465204132120114e-18,2.7274176217587624e-19
10022.195,1.2551114680887203e-18,2.6378364671950334e-19
10023.829,9.067238091763042e-19,2.843495556725353e-19
10024.876,6.221546696826373e-19,2.7040116609919494e-19
10026.509,1.6410352865483314e-18,3.085798660503877e-19
10027.551,4.62013441600983e-19,3.023275216772362e-19
10045.285,9.014294501697756e-19,2.6452176960587154e-19
10046.343,8.62487221791569e-19,2.556623162413497e-19
10047.983,5.329836644914219e-19,2.759983781996493e-19
10049.032,4.990594088955482e-19,2.6448439699508894e-19
10049.317,9.223575416964963e-19,3.0772212714090387e-19
10051.716,3.312104704535255e-19,2.964649909148485e-19
10069.432,1.0200823572798416e-18,2.6559076900344355e-19
10070.49,5.695655375086296e-19,2.532791440195503e-19
10072.138,1.837389885458989e-18,2.8382609583985837e-19
10073.083,5.166210746076992e-19,2.803606404891692e-19
10075.818,1.2475832350344522e-19,3.372655763468707e-19
10075.881,4.157872413293107e-19,2.8297104359316064e-19
10093.578,4.577097305887023e-19,2.6156353087659787e-19
10094.638,1.2430088387916037e-18,2.544085968887098e-19
10096.293,9.73916092510941e-19,2.7573456620090086e-19
10097.517,1.5181419507095206e-19,2.641636064079285e-19
10098.999,9.465212280182764e-19,2.9082993993686043e-19
10099.929,7.747196012787152e-19,3.116447663388548e-19
10117.724,1.2716805819930044e-18,2.616532729458277e-19
10118.785,1.4658137604159337e-18,2.52166087366163e-19
10120.328,7.94402606241478e-19,3.013247011584531e-19
10121.5,3.0214511516963365e-19,2.520575306097643e-19
10123.162,1.2264244820905514e-18,2.916133838070107e-19
10124.398,7.230427789194431e-19,2.919061610986964e-19
10141.87,8.542382002264367e-19,2.582567494496604e-19
10142.933,8.574219870674675e-19,2.435743937261661e-19
10144.673,1.6686520532356166e-18,2.9159439495701013e-19
10145.656,4.942392188953622e-19,2.515547669788075e-19
10147.325,1.1533242967665922e-18,2.8528463825351613e-19
10148.375,8.284839682017089e-19,2.7814428534948016e-19
10166.017,1.145251200637001e-18,2.5733221538306846e-19
10167.08,7.515179934557432e-19,2.420562756496394e-19
10168.757,1.464937859097122e-18,2.674379822653724e-19
10169.8125,6.163541416745038e-19,2.459735170034541e-19
10171.489,1.1266624102784311e-18,2.800655979481451e-19
10172.54,5.605231315985755e-19,2.769404015123866e-19
10190.163,1.8752234187218726e-19,2.500274575040298e-19
10191.228,9.917561608780877e-19,2.3993257522489755e-19
10192.912,5.733582762630406e-19,2.5686521550232874e-19
10193.968,9.433523398098043e-19,2.4446883930920255e-19
10195.652,5.36865915363776e-19,2.743785773582278e-19
10196.705,-5.237050494443399e-20,2.5974623454928245e-19
10214.31,6.718280177274928e-19,2.466336865315386e-19
10215.375,1.0064241050295774e-18,2.3813715291431887e-19
10217.066,6.489809817692456e-19,2.5827507053769697e-19
10218.124,5.823816707561216e-19,2.387944853397724e-19
10219.816,3.9003626663495476e-19,2.6909426235045365e-19
10220.347,-6.463022525757603e-20,2.735461025469327e-19
10238.455,5.473270924854373e-19,2.4305662223210233e-19
10239.522,1.2480640991075759e-18,2.390969280650309e-19
10240.203,4.402776040963697e-19,2.5038510685245312e-19
10242.28,3.943377338611448e-19,2.3495068020880864e-19
10243.9795,3.1219423607212953e-19,2.696197575247774e-19
10245.717,2.196766401637389e-19,2.6325984751250043e-19
10262.602,1.0597430811268821e-18,2.438282329175872e-19
10263.669,1.1131227683045857e-18,2.314597669509471e-19
10266.232,7.896313508514587e-19,2.290782938327515e-19
10266.437,7.921049130313679e-20,2.2881970747892703e-19
10267.231,8.749989721921233e-19,2.5955586765282106e-19
10269.2,8.541995456607411e-19,2.6455977689905844e-19
10286.748,6.53798182198052e-19,2.372061400351604e-19
10287.817,1.2897238688626998e-18,2.304321989163849e-19
10289.531,1.1121894066459515e-18,2.453719629657374e-19
10290.592,3.122270109370168e-19,2.2793660459504335e-19
10293.027,1.0486358557867148e-19,2.3824544636118603e-19
10293.365,1.1506048994790619e-18,2.5674999363735657e-19
10310.895,9.657101515445523e-19,2.3527914348481175e-19
10311.964,1.0758120428174652e-18,2.224511014797115e-19
10313.686,9.769594552666588e-19,2.410835259737705e-19
10314.748,9.5214700153804e-19,2.2369827296399893e-19
10316.471,9.927699503074657e-19,2.506362336853185e-19
10317.53,8.879277183679968e-19,2.5329216623514303e-19
10335.041,9.177134698524825e-19,2.315530073459432e-19
10336.112,8.548108982241952e-19,2.2320882519148716e-19
10337.841,7.893641095140586e-19,2.380010022480178e-19
10338.904,7.802969907474075e-19,2.2227584652546035e-19
10340.634,7.866287961881849e-19,2.488553924040497e-19
10341.695,8.34091298161535e-20,2.4115739580092425e-19
10359.1875,1.3873015706798178e-18,2.3895181851138893e-19
10360.26,6.530986348313648e-19,2.204342102112913e-19
10361.995,6.529488040900853e-19,2.348556202558558e-19
10363.061,8.05235479538021e-19,2.2409700710979375e-19
10364.798,2.0169104556147333e-19,2.4584796893862712e-19
10365.86,5.0288034077802675e-20,2.388499391370579e-19
10383.333,8.923182350976833e-19,2.3339034399045663e-19
10384.407,9.242355851894016e-19,2.2148994246412236e-19
10386.15,1.2568896798913903e-18,2.3893335847051627e-19
10387.217,3.9019369262577747e-19,2.208100808307989e-19
10388.961,1.6673118232506828e-19,2.4092127899834674e-19
10390.025,2.16452100845044e-19,2.3758944193529094e-19
10407.4795,4.205452140915346e-19,2.3148977848481143e-19
10408.555,5.217321326378838e-19,2.169751592192881e-19
10410.305,7.698254312769037e-19,2.358857728464442e-19
10411.373,1.6877526194197222e-19,2.167275429367061e-19
10412.237,2.5625181156329996e-19,2.441621452016111e-19
10414.19,4.63074260246669e-19,2.419363870265969e-19
10431.614,6.985999266631262e-19,2.5232604140618534e-19
10432.702,5.931286233486508e-19,2.1799166195815624e-19
10434.46,1.5274329257274699e-19,2.306373797136713e-19
10435.528,3.717055056352818e-20,2.1440204741906188e-19
10437.992,3.785976766416305e-19,2.493318030360112e-19
10438.355,3.634516093686095e-19,2.3937460759616036e-19
10455.757,7.066036461397536e-19,2.3154911926082393e-19
10456.85,1.031903959670786e-18,2.193586112048192e-19
10458.614,7.832453732965791e-19,2.3379426788517185e-19
10458.705,3.5228050952830313e-19,2.1272106430300152e-19
10461.451,1.8663381443365775e-20,2.45198673346306e-19
10462.5205,1.9950576481050488e-19,2.283917652870765e-19
10479.902,7.549666539039621e-19,2.3315202227210087e-19
10480.99,1.0280870456931418e-18,2.3761731472220842e-19
10482.77,7.582962507979648e-19,2.3178030863785206e-19
10484.979,6.324122389853499e-19,2.1581846205048547e-19
10485.615,1.1315841082838233e-19,2.421687779144011e-19
10486.686000000003,3.095815902534031e-19,2.315482442717033e-19
10504.049,9.59392021716398e-19,2.288192182160888e-19
10505.126,9.633532594554997e-19,2.195216662460097e-19
10506.925,7.87365323716733e-19,2.321718317073522e-19
10507.997,2.726491734635267e-19,2.1272614760419921e-19
10509.778,2.8779814823845437e-19,2.3584778852251033e-19
10510.851,3.824135075630085e-19,2.301723812115477e-19
10528.195,6.746927240097658e-19,2.3232536630151963e-19
10529.273,7.159585180992171e-19,2.1671822087093402e-19
10531.07,5.171859955625397e-19,2.5386020918074563e-19
10532.153,3.5484809190739455e-20,2.1038832852092827e-19
10533.942,5.635396863641966e-19,2.353883762073772e-19
10535.016,4.922461290609838e-19,2.319267663507972e-19
10552.342,3.5673948344192354e-19,2.294759935496648e-19
10553.421,9.8489300355774e-19,2.177782254639413e-19
10555.219,4.07427727495888e-19,2.3208317036323485e-19
10556.31,-1.1620619055409723e-19,2.129580188267013e-19
10558.105,6.636497511008481e-19,2.3683525650117966e-19
10559.181,3.939077846998559e-19,2.288998022817724e-19
10576.488,8.429816641593237e-19,2.3504874432504774e-19
10577.568,8.769836840544674e-19,2.182213928936314e-19
10579.373,4.737620811287031e-19,2.3168225937378934e-19
10580.462,-6.645285109116567e-20,2.3148766117225524e-19
10582.27,5.841853458496084e-19,2.3728041783317513e-19
10583.346,9.796471892847236e-20,2.3192414290496694e-19
10600.633999999998,5.062950268875963e-19,2.300554660057786e-19
10601.716,4.2514825239448033e-19,2.16939259768262e-19
10603.528,1.0938433442142958e-18,2.3571577362857793e-19
10604.604,-1.8601503658608923e-19,2.122946952250562e-19
10606.433,2.434899175072389e-19,2.356513138021008e-19
10607.511,3.6046307590250137e-19,2.3225517045716885e-19
10624.78,1.007175932241555e-18,2.3037531559071413e-19
10625.863,8.823599141329069e-20,2.151990563010353e-19
10626.856000000002,3.9923594379692944e-19,2.2965391352820774e-19
10628.76,3.6036475229081557e-19,2.1079831454601175e-19
10630.589,7.65227822839595e-19,2.569344362891255e-19
10631.676,6.4279776446836565e-19,2.3152206315458853e-19
10648.927,8.783637389002233e-19,2.28575652570718e-19
10650.011,7.359853803276627e-19,2.144022858204924e-19
10652.498,4.38086907977171e-19,2.2592233972904997e-19
10652.916,-2.0021512645089336e-19,2.0732325069247472e-19
10654.745,6.364383752547557e-19,2.3364519106354865e-19
10655.824,8.97660778578948e-19,2.5030225978459935e-19
10673.073,9.199780013530094e-19,2.2853760659009806e-19
10674.159,9.80032850868554e-19,2.1439360946506927e-19
10675.992,6.665613200953699e-19,2.286803423618594e-19
10677.072,-1.385707777973968e-19,2.064026512167968e-19
10678.909,2.858005010849501e-19,2.289999027200637e-19
10679.987,8.625019700690303e-19,2.266353440429152e-19
10696.06,7.684385231628001e-19,2.2619847923221907e-19
10698.306,3.9343832531883177e-19,2.112816498078055e-19
10700.147,2.4207470631540127e-19,2.2349275779892974e-19
10701.228,1.8703788834199423e-19,2.0480089787385608e-19
10703.072,-2.255860348215592e-20,2.2633871088304574e-19
10704.152,5.963057751471392e-19,2.229366394046292e-19
10722.359,1.2118597449618368e-19,2.147552322526521e-19
10722.454,-3.630320196113961e-19,2.1407657128914841e-19
10724.303,7.344230282769484e-19,2.2461535450350444e-19
10725.385,-1.7494721774044203e-20,2.0240036106160428e-19
10727.236,4.3135496510941583e-19,2.2983653390432484e-19
10728.317,-3.187815967371883e-20,2.1716545288053105e-19
10745.512,6.225810212304535e-20,2.26448744344149e-19
10746.601,1.1663067978856212e-19,2.189667851562877e-19
10748.457,7.027887157031345e-19,2.2530038321763283e-19
10749.54,-1.8313427332846733e-19,2.054193848383333e-19
10751.4,-2.945073467031084e-19,2.220675183310961e-19
10752.482,-1.358459038983656e-20,2.1838206433980715e-19
10769.658,4.656691302854741e-19,2.2695842661030136e-19
10770.749,3.5518134828624228e-19,2.1650061942010669e-19
10772.612,5.160772883942105e-19,2.2364621261323447e-19
10773.696000000002,2.1991850240238137e-19,2.085289755491425e-19
10775.563,-1.5554638954916344e-19,2.2503608646832303e-19
10776.647,2.8983956335309113e-20,2.230843492281271e-19
10793.805,5.386055881257565e-19,2.3032024775309055e-19
10794.8955,2.497340458702559e-19,2.1187550478153196e-19
10796.767,4.762420998998448e-19,2.2601405443160535e-19
10797.794,3.200274485916779e-19,2.1895104359660077e-19
10799.728,2.458076586063228e-19,2.258323502833309e-19
10800.8125,2.4846951691631354e-19,2.218160740700725e-19
10817.951,3.2012384737430505e-19,2.2813342322310493e-19
10819.043,7.617332287153373e-19,2.1670292697855974e-19
10820.739,2.3719288025657526e-19,1.9694628897017719e-19
10820.921,4.337527875205516e-19,2.2826191270828664e-19
10823.891,4.820562526284549e-19,2.257618920041676e-19
10824.978,-1.2492797033644228e-19,2.1579360395925308e-19
10842.097,5.704477712483528e-19,2.3254870054676038e-19
10843.19,8.238812004064062e-19,2.1688591944492793e-19
10845.076,6.124805231558002e-19,2.2983342249826363e-19
10847.617,4.3640943006715157e-20,2.0489611912852887e-19
10847.729,-2.7407340520772035e-19,1.9641111233554942e-19
10848.053999999998,1.703074199811826e-19,2.254700129816151e-19
10866.243,3.3353216358134666e-19,2.3463512206892205e-19
10867.338,1.6836188436507414e-19,2.144783851197774e-19
10869.231000000002,8.844949669346081e-19,2.3199611038827055e-19
10870.321000000002,-1.6003858504437658e-19,2.0705242540420508e-19
10872.218,7.670006750110519e-19,2.282238838914393e-19
10874.816,-3.318516522580268e-20,2.1082847209734717e-19
10890.39,-1.0894000219545866e-19,2.3343375457812016e-19
10891.485,-2.4099155947311575e-19,2.180849106974013e-19
10893.386,2.658911254572627e-19,2.280061866192102e-19
10894.477,-3.3402873876861754e-20,2.0687379974711905e-19
10896.381,1.0987962609449634e-18,2.309881697140583e-19
10897.473,2.9834422389085415e-19,2.1655495714829224e-19
10914.536,-7.20821625495021e-20,2.3975525526795824e-19
10915.633,3.6085585850189824e-19,2.1894283439271146e-19
10917.54,7.377571713472304e-19,2.294430906069664e-19
10918.633,3.0271870596349495e-19,2.0783821736248762e-19
10920.545,6.92138651247225e-19,2.285721801915887e-19
10921.638,6.369322068985369e-19,2.2593595102515968e-19
10938.682,3.0961975520645647e-19,2.417231657301687e-19
10939.78,8.671758366122464e-19,2.202734879170222e-19
10941.518999999998,1.9533474261139774e-19,1.9499296320522697e-19
10941.695,6.496340726276677e-19,2.337030269038952e-19
10944.708,7.796737240426812e-19,2.293683498079714e-19
10945.803,3.4257690123818464e-19,2.230550614562114e-19
10962.828,5.5322961907196775e-19,2.372255693452229e-19
10963.928,6.105868984649795e-19,2.2094985031755356e-19
10965.85,2.951747362634722e-19,2.3881701304798376e-19
10968.333,4.925687339641873e-19,2.3340721313895197e-19
10968.377,3.048350247063933e-19,2.0704489393632115e-19
10969.968,2.3135599816263595e-19,2.26978984507213e-19
10985.859,9.233915526744857e-19,2.442450236741305e-19
10988.075,8.990209349859229e-19,2.249408756612894e-19
10990.005,8.447512039684265e-21,2.3590970345416087e-19
10991.102,1.4463923582282407e-19,2.1326678908160414e-19
10993.359,8.3054968872210765e-19,2.4718938405017747e-19
10994.133,4.9453522208387e-19,2.2921375195345406e-19
11011.334,7.265315883256812e-19,2.305706452628562e-19
11011.892,4.330768540274365e-19,2.404015889771521e-19
11013.121,7.459679973436526e-19,2.39997384545547e-19
11015.258,2.935930868441295e-19,2.1471770313781285e-19
11017.198,2.449816011960234e-19,2.3309306610251706e-19
11018.298,3.2140070588201677e-19,2.273632038224551e-19
11035.267,1.9985148888649743e-19,2.4132859966523235e-19
11037.533,5.737225717232297e-19,2.278105000254835e-19
11039.071000000002,5.775278631959054e-19,2.4343204768173177e-19
11039.413,2.4681631014091997e-19,2.1245625315982136e-19
11041.362,5.69379140182187e-20,2.305846223829677e-19
11042.463,1.509495489192563e-20,2.3037722637315046e-19
11059.412,2.997928261111998e-19,2.4750165112885896e-19
11060.517,2.299501590401916e-19,2.2619972241816564e-19
11062.469,6.673616831088542e-19,2.438811244741527e-19
11063.569,3.9872035150733525e-20,2.1518816065821218e-19
11065.525,4.53145682677092e-19,2.288620095571589e-19
11066.628,1.473558567784908e-19,2.310368197763814e-19
11083.559,4.2923589994371934e-19,2.514258118929251e-19
11084.664,4.401331259520978e-19,2.273175956188184e-19
11086.623,1.105356917605734e-18,2.455690802917553e-19
11087.726,-4.7292432952346204e-20,2.1636082717519071e-19
11089.688,9.954609272972237e-19,2.3996363789835686e-19
11090.793,-3.1517665844339016e-20,2.3280166499997004e-19
11107.704,4.251058335855945e-19,2.550186471916485e-19
11108.812,5.807649968151211e-19,2.317932262040731e-19
11110.778,1.0703573873693672e-18,2.488494531040629e-19
11111.881,-1.0610074434752737e-19,2.1754478320553904e-19
11113.853,5.257162297497271e-19,2.389988152801494e-19
11114.958,-4.705830326600234e-19,2.3703445950628843e-19
11131.851,5.334115927472253e-19,2.552227171107643e-19
11132.959,5.256950487437881e-19,2.340898495954908e-19
11134.933,7.022561362645475e-19,2.5218781660771407e-19
11136.037,1.2987431097659228e-19,2.2037338858234533e-19
11138.016,5.74078201180669e-19,2.4159254569948307e-19
11139.123,-1.7993130654536974e-19,2.3763051770339825e-19
11155.997,3.4570921526693927e-19,2.564469577470001e-19
11157.106000000002,8.592613410472206e-19,2.4046507603213716e-19
11159.087,4.973548387247392e-19,2.573225854008801e-19
11160.193,-2.16508634445732e-20,2.246277755098064e-19
11162.178999999998,1.299206223108134e-18,2.543167038270464e-19
11163.288,-1.133870115305633e-18,2.4950759459633355e-19
11180.143,3.3460071278408853e-19,2.6081652656575344e-19
11181.253,4.073033424297941e-19,2.403354211261994e-19
11182.216,6.4364671799388815e-21,7.178460550979912e-19
11183.241000000002,1.9076558120065784e-19,2.5728555990770276e-19
11184.065,-7.229397908757393e-19,7.287338201434258e-19
11184.35,2.7293879742829484e-19,2.3147563923988717e-19
11184.686000000003,4.5824898164205335e-20,6.816290845293271e-19
11185.834,4.532278252694275e-19,6.794748961664016e-19
11186.343,1.3045777750850163e-18,2.4996702400519734e-19
11187.1455,5.247181171429745e-19,6.717034566695079e-19
11187.453,-7.145927130178619e-19,2.90334462041885e-19
11188.298,7.239900069711931e-19,7.417031752491401e-19
11204.289,5.437795436187421e-19,2.65619710639117e-19
11205.4,3.018883200556073e-19,2.4682098582958454e-19
11207.396,3.784041916006886e-19,2.574732136253608e-19
11208.506,1.0403202047679047e-20,2.2934607388998306e-19
11210.506,7.251686353141983e-19,2.5226236838052834e-19
11211.618,-3.6517363431750574e-19,2.892378377261806e-19
11228.219,-2.4964459214136867e-20,6.986105939671764e-19
11228.435,7.707942848153586e-19,2.7109590698898984e-19
11229.383999999998,-1.4725859451559554e-18,7.049188203617885e-19
11229.548,4.350403467110508e-19,2.4646107729552933e-19
11230.721,4.1871385635439804e-19,6.749039642546136e-19
11231.551,5.969345324583639e-19,2.5874628047550365e-19
11231.879,2.356549742335381e-19,6.577400609294842e-19
11232.661,3.1976811780384773e-19,2.318695472054514e-19
11233.212,9.151323243360432e-19,6.526328772584143e-19
11234.374,-5.677307418849751e-19,7.290834628912098e-19
11234.669,7.587933781800142e-19,2.520408675600942e-19
11235.783,-4.1632050308581524e-19,2.5000553765308586e-19
11252.581,-5.562934150242014e-20,2.6777710141905496e-19
11253.694,6.152811445230606e-19,2.514068488523894e-19
11255.705,4.9917642305338815e-20,2.571377827305504e-19
11256.816,1.5154922274952974e-19,2.351727830455804e-19
11258.833,7.085022373793763e-19,2.572804207853743e-19
11259.947,2.31872546084063e-20,2.4688800460449414e-19
11274.223,-5.379529998674655e-19,6.933990532341589e-19
11275.092,-1.5738249450097047e-19,7.247297458985454e-19
11276.727,5.26394575718795e-19,2.7374005981567575e-19
11276.756,1.08718789958544e-18,6.727310963045976e-19
11277.842,5.761626947301143e-19,2.5048854204161454e-19
11277.924,8.421693365773291e-19,6.617740441419123e-19
11279.278,7.7531212191589e-19,6.515914877518925e-19
11279.859,1.677031608691497e-19,2.6409211809861806e-19
11280.449,4.948201287494475e-19,7.054638955669628e-19
11280.973,2.06000619605099e-19,2.401696352982576e-19
11282.996,3.0977691104544e-19,2.5821280442464417e-19
11284.112,-2.6174627135525914e-20,2.4334792298456947e-19
11320.227,1.0264082168083626e-19,6.910297623834271e-19
11322.057,2.670615014831043e-19,7.103197332568502e-19
11322.791,2.399349542593012e-18,6.688373787743218e-19
11323.968,9.83727514938526e-19,6.506558545607664e-19
11325.345,1.3030551278347994e-18,6.368697496368412e-19
11326.525,1.9601277651363815e-18,6.959151897919545e-19
11363.888,-1.5357532382992074e-18,7.766781773480987e-19
11366.2295,2.0878701859083384e-18,6.948569165088181e-19
11368.826,1.0414900588156971e-18,6.5923337870035575e-19
11370.013,1.8232230201202583e-18,6.586444856945903e-19
11371.092,2.3814616783113263e-18,6.942056458140192e-19
11371.41,1.0546009670455137e-18,6.331741660934988e-19
11412.233,1.5572906658352464e-18,6.894413647216797e-19
11414.86,-5.094675766557401e-19,6.480461800668928e-19
11416.058,2.4167700800914108e-18,6.603154949296166e-19
11417.477,1.733271269677841e-18,6.329586516149367e-19
11418.864,1.3231043596462797e-18,6.820949584228241e-19
11420.774,1.8661188722226537e-18,6.906378381273514e-19
11456.232,1.2024176914779145e-18,6.885040717455073e-19
11459.45,1.4140650028366866e-18,6.8400036574550245e-19
11460.8955,1.197960296254798e-18,6.538448577620009e-19
11461.712,3.472472148658268e-18,6.817930409737082e-19
11463.543,6.485323528926861e-19,6.268685679513025e-19
11464.752,1.8505995693358194e-18,6.83838795036067e-19
11505.296,2.845894590007909e-18,7.176104306336658e-19
11505.464,6.001824251040762e-19,7.100535864566529e-19
11506.931,2.5777095114298917e-18,6.574001612121749e-19
11508.875,3.14263203707244e-18,6.553479274883269e-19
11509.609,2.7795673361552215e-18,6.396308981571651e-19
11510.827,1.0696271961793416e-18,6.90532950205442e-19
11550.244,2.4188107196236967e-18,6.858348307746554e-19
11551.477,-5.792517745838429e-19,7.201455445972094e-19
11552.966,3.125092751174241e-18,6.667922902445914e-19
11554.191,2.3908680502661406e-18,6.465446858293919e-19
11555.676,8.410563898826392e-19,6.421900235063319e-19
11556.903,2.1987359841696103e-18,6.909195347472518e-19
11594.251,2.849312370138778e-18,6.917671832280022e-19
11597.489,1.469615835589605e-18,7.000054518113685e-19
11599.001,-7.194218407194503e-19,6.553367558857353e-19
11600.235,2.4876793620375024e-18,6.376574702588737e-19
11601.741000000002,1.5434231746506507e-18,6.385456231872672e-19
11602.979,3.584802732254791e-18,6.878371995541997e-19
11643.222,3.4615440622491963e-18,7.271095745429721e-19
11643.503,2.152269719530598e-18,6.878874108308243e-19
11645.036,-1.9160863542745923e-19,6.7455728930098735e-19
11646.28,2.3438523332912783e-18,6.381136119130488e-19
11647.808,1.4085538932192211e-18,6.338350348480313e-19
11649.055,2.946161443533997e-18,6.801736534437164e-19
11688.255,1.3151281043227706e-18,6.821453048031471e-19
11689.517,2.2777003023093043e-18,6.821935591008558e-19
11691.071000000002,4.0094829114960905e-19,6.7091431498284405e-19
11692.325,2.581173921273646e-18,6.335156028275667e-19
11693.874,2.7392458256389107e-18,6.270738384983853e-19
11695.13,2.9906245893215417e-18,6.681184529976874e-19
11734.258999999998,3.1150444873554354e-18,6.764954730412419e-19
11735.529,2.096508119015666e-18,6.880445312658142e-19
11737.106000000002,4.372773615743865e-19,6.656262457693148e-19
11738.369,2.706628839788713e-18,6.272701567296948e-19
11739.94,3.761224775011652e-18,6.21149336875393e-19
11741.205,3.165942738838064e-18,6.617534413629252e-19
11780.262,2.5569111882346256e-18,6.530673593262041e-19
11780.497,1.7296651802328748e-18,6.612790902380592e-19
11781.543,1.77040347148424e-18,6.740833615277846e-19
11784.414,3.0632851496354476e-18,6.210878696367641e-19
11786.006,4.329858014504531e-18,6.242254658643164e-19
11787.281,1.9404837441463648e-18,6.420862442627086e-19
11826.264,2.5847191925310475e-18,7.084840017464891e-19
11826.957,1.0455824124578072e-18,6.702653452507835e-19
11827.557,1.4069292753592894e-18,6.618446809964373e-19
11830.458,3.98946060074577e-18,6.118843380666002e-19
11832.072,4.225436489995393e-18,6.138362803469322e-19
11833.356000000002,2.6071012781770565e-18,6.42269049453474e-19
11872.258999999998,1.5902751495572646e-18,6.408135911774071e-19
11873.569,3.4062141911228406e-18,6.622166551640281e-19
11876.481000000002,1.3067544703629972e-18,6.58487209141896e-19
11876.503,3.0011919228065183e-18,6.050899435543423e-19
11878.139,2.699717437046315e-18,6.061023111513503e-19
11879.433,1.6538548439977722e-18,6.320663980509246e-19
11918.262,1.5471405323178823e-18,6.265615608187443e-19
11919.423,3.73126612441383e-18,6.901269416407007e-19
11921.246,2.6518701808056704e-18,6.181767060731158e-19
11922.547,4.236387505960755e-18,6.100022491456838e-19
11923.592,2.5702059029606063e-18,6.114429624544345e-19
11925.508,2.7713030553514748e-18,6.42407920028626e-19
11964.266,1.4412291568469762e-18,6.023822279790188e-19
11966.039,3.2757041132992294e-18,7.133767924533263e-19
11967.281,3.2914371824105575e-18,6.218122624797867e-19
11968.592,3.0332247541719175e-18,6.002303356136906e-19
11970.565,2.658852740103041e-18,6.322366701121614e-19
11971.583,2.17510012291299e-18,6.459285566702061e-19
12010.268999999998,2.256442019829389e-18,5.953743901246691e-19
12011.6,2.05352597276326e-18,6.335817334701571e-19
12013.315,2.5865737450199807e-18,6.156974202160639e-19
12014.636,2.144557152798826e-18,5.958854142166188e-19
12016.337,1.4985632682411996e-18,6.008632944983096e-19
12017.659,7.987682163013186e-19,6.390459671196676e-19
12056.272,2.2465350075270656e-18,5.828687896631017e-19
12057.612,1.162675939253462e-18,6.102661954698437e-19
12059.351,2.95803235375217e-18,6.174077505713167e-19
12060.681,3.3472404343930236e-18,5.967440791821129e-19
12062.402,2.5135110102460996e-18,5.966272215358022e-19
12063.734,1.8373549204896493e-18,6.305573087830339e-19
12102.276000000002,2.264781938612424e-18,5.766555076055469e-19
12103.625,2.8226255779667438e-18,6.146348842507884e-19
12105.386,2.636484298511499e-18,6.194835215486997e-19
12106.534,3.167891963459563e-18,6.23715983530292e-19
12108.469,1.893370887501084e-18,5.9753649033966e-19
12109.81,2.769201531506607e-18,6.294620481223763e-19
12148.279,2.2033445261544317e-18,5.655966797613526e-19
12149.639,2.620661479391979e-18,5.991156557768227e-19
12151.411,2.5171622358920496e-18,7.020762576498116e-19
12153.209,3.133842755950812e-18,6.120372986563763e-19
12154.535,1.8494248447139365e-18,5.825605652864834e-19
12155.886,2.096042983702859e-18,6.2103689962512315e-19
12194.283,1.7237061419236368e-18,5.622751165202257e-19
12195.652,2.2400638527216766e-18,5.881414944186358e-19
12197.445,2.9329764768658717e-18,6.004815749666884e-19
12198.813,2.4936413965516094e-18,5.926973960769826e-19
12200.601,2.2491014902187752e-18,5.919594189481921e-19
12201.961,3.49303364936512e-18,6.309359630161612e-19
12240.287,3.4316877651796354e-18,5.491669740071748e-19
12241.665,2.395105335031649e-18,5.754132372571382e-19
12243.48,1.9592727337348836e-18,6.311005506664067e-19
12244.858,2.6853591781049252e-18,5.893718604209338e-19
12246.667,1.63098846729278e-18,5.971192485984834e-19
12248.036,3.9908165976471665e-18,6.283591368342501e-19
12286.291,3.363656118124796e-18,5.389176406129861e-19
12287.678999999998,2.8854834336009433e-18,5.683185816631217e-19
12289.516,3.0381982352822223e-18,6.177830108993948e-19
12290.707,2.7961845100281463e-18,6.573221919587319e-19
12292.732,2.509447905739411e-18,5.952750836116178e-19
12294.111,3.3558132833964784e-18,6.211553883115846e-19
12332.294,2.292533588082224e-18,5.235419377753362e-19
12333.692,2.316098600844829e-18,5.527394067839223e-19
12335.551,2.1510129548247888e-18,5.628772862800608e-19
12337.422,2.1292727864750017e-18,5.86687249551027e-19
12338.799,2.204059767155302e-18,5.941317651949429e-19
12340.1875,3.1037139988130193e-18,6.192233170939692e-19
12378.298,2.5029648636932914e-18,5.152979225567527e-19
12378.832,2.1115606304762753e-18,5.805357054291725e-19
12381.586,2.063246198551168e-18,5.520455018569591e-19
12382.981000000002,2.1660550465175217e-18,5.692094952273731e-19
12384.865,1.6240296673925503e-18,5.946041637834611e-19
12386.263,2.073756429139587e-18,6.197154577190927e-19
12424.302,3.725852704466633e-18,5.153662610889299e-19
12427.547,1.519800015342205e-18,5.325904892581861e-19
12427.62,1.3291465813672279e-18,5.364262504552015e-19
12429.026000000002,1.4900195852397891e-18,5.617216320808971e-19
12430.925,2.2616743821326258e-18,6.235700741621743e-19
12432.335,1.4370679264012721e-18,6.591345613273842e-19
12470.305,2.3440164346346453e-18,5.0338754180315e-19
12471.731000000002,2.0791543573002784e-18,5.27373868348315e-19
12473.655,7.819719544549212e-19,5.391151608693602e-19
12475.07,1.2291199367246852e-18,5.487629477390917e-19
12476.987,1.0725116065518127e-18,5.641875463983066e-19
12478.402,1.3493399711518449e-18,6.136008764316592e-19
12516.309,1.1629733007466943e-18,4.9176850669842e-19
12517.744,1.0411922823020747e-18,5.150579299649139e-19
12519.69,3.0379270004483477e-19,5.295256094103883e-19
12521.114,1.5766967449133404e-18,5.348723069577e-19
12523.053999999998,7.496799126590557e-19,5.586829845356508e-19
12524.479,1.4531530681222069e-18,5.955443313733403e-19
12560.2295,1.1922627914271775e-18,4.864247178885758e-19
12563.758,9.325762772585233e-19,5.128417286577509e-19
12565.726,1.2122409086628421e-18,5.190058498958291e-19
12567.159,2.4551481413785874e-18,5.298237515424853e-19
12569.119,1.0035116677768941e-18,5.507666665917949e-19
12570.553999999998,1.0903911177345174e-18,5.853380042627781e-19
12608.551,1.6496191217854842e-18,5.266610735691765e-19
12609.695,1.7046614812955976e-18,5.109540585983677e-19
12611.761,2.327550327187972e-18,5.163782367304492e-19
12613.204,2.106797507010267e-18,5.236455393002349e-19
12615.186000000003,1.4209639687236429e-18,5.43862028845825e-19
12616.359,1.463939288120768e-18,6.015402402840664e-19
12654.319,2.128478103382881e-18,4.716686418192604e-19
12657.1045,-1.4314687752100523e-18,5.21203034489322e-19
12657.795,1.5855168626750976e-18,5.069098452081754e-19
12659.248,2.186638884181713e-18,5.173498200382517e-19
12659.354,1.734303472371208e-18,5.465435778149042e-19
12663.265,1.9224549294480867e-18,5.845522745732641e-19
12699.518999999998,1.4434870585331208e-18,4.663571463773714e-19
12703.83,1.503207234726268e-18,4.995727761237563e-19
12704.225,-1.1321465692387446e-19,4.9257370461737195e-19
12705.293,1.757057761968552e-18,5.056104727114769e-19
12708.182,1.815393749037958e-18,5.752623888211141e-19
12708.78,2.3752477685725603e-18,5.730097642877707e-19
12746.796,1.2167230924154454e-18,4.707782247912402e-19
12747.811000000003,9.362882295009836e-19,4.798983242101136e-19
12749.865,8.630493375785612e-19,4.854057066815525e-19
12751.337,2.358588668858094e-18,4.994686910555638e-19
12753.383999999998,1.6201102738435968e-18,5.217489719591662e-19
12754.855,1.0782828109944658e-18,5.463815165232587e-19
12792.331,7.883158881383479e-19,4.56145790020914e-19
12793.824,1.2777353817872214e-20,4.717775392904416e-19
12795.9,8.816081075462534e-19,4.793508141307935e-19
12797.215,2.2957957214551397e-18,5.166350508269225e-19
12799.449,3.702044321537575e-19,5.059551500000171e-19
12800.931,1.8183601527654336e-18,5.389019252732034e-19
12838.335,1.0179122256674263e-18,5.449205017241805e-19
12839.838,4.0970830458989633e-19,4.611309559062668e-19
12841.936000000003,1.85362611464422e-18,4.740962293020393e-19
12843.792,2.0430049308545687e-18,4.854278346215368e-19
12845.516,-3.0843291041158183e-19,5.128683239470402e-19
12847.007,2.237698484519894e-18,5.3159563522643835e-19
12884.338,2.1188396716214572e-18,5.319465176736156e-19
12885.851,-3.2652384336154207e-19,4.583962894841138e-19
12887.971,9.05448859738371e-19,4.580373400173031e-19
12889.471,1.7319674777484623e-18,4.737248668266082e-19
12891.582,1.2220977416612416e-18,4.945555530532744e-19
12893.082,1.667220525957409e-18,5.225337386570118e-19
12930.0625,2.0474665534702058e-18,4.366017931084734e-19
12931.864,7.088892871697731e-19,4.526307613204671e-19
12934.006,1.1060463338261568e-18,4.507167895092066e-19
12934.381,1.8222161009963642e-18,4.971563666937943e-19
12937.647,1.799701229259388e-18,4.893616247848684e-19
12939.157,1.2816341153089197e-18,5.216801007508991e-19
12976.535,2.1414376003112282e-18,4.504274373863572e-19
12977.878,1.0384599557432018e-18,4.391388403727269e-19
12980.041,1.283299811973256e-18,4.468803431034664e-19
12983.503,2.533062086440734e-18,4.645860667845663e-19
12983.714,2.074326993511945e-18,4.814508422656948e-19
12985.233,1.6298623499417707e-18,5.031548709092381e-19
13022.35,8.69725116914246e-19,4.508769125386242e-19
13023.891,1.69161137179047e-18,4.339861196847717e-19
13026.075,1.3944534384847652e-18,4.382192878567197e-19
13027.6045,1.9046409651460505e-18,4.4746112805643285e-19
13029.78,5.802491579951718e-19,4.644460088211602e-19
13029.863,1.3553795083553702e-18,5.050069706228228e-19
13068.353,9.157695289496216e-19,4.0237283597625215e-19
13069.904,1.540955611422685e-18,4.2517782534198243e-19
13072.111,9.919070374918698e-19,4.3014393366722194e-19
13073.648,1.1351595762727731e-18,4.353828104713654e-19
13075.847,8.516804309904113e-19,4.551485877210495e-19
13079.676,1.5562516480312225e-18,4.865094039094802e-19
13114.357,1.204035220704909e-18,3.988257853368394e-19
13115.917,7.709075788574387e-19,4.154426916340118e-19
13115.938,8.663688388424788e-19,4.2171112243964403e-19
13119.693,1.0567908285200424e-18,4.369517470963259e-19
13121.912,1.0686756872109192e-18,4.504077837359402e-19
13123.46,1.906294371170595e-18,4.809967422567968e-19
13160.361,5.373139641887488e-19,3.9107501490164837e-19
13161.931,1.1327599092000842e-18,4.107329105594054e-19
13165.717,1.4818922456394058e-18,4.2119705610427026e-19
13165.738,1.0348949920779484e-18,4.2247837431852835e-19
13167.979,6.058482815214224e-19,4.397585464535943e-19
13168.245,1.1333916938525632e-18,4.989280410559399e-19
13206.364,1.1280334728414607e-18,3.8923521393955207e-19
13207.944,1.7558835183118887e-18,4.114599503375764e-19
13210.217,4.886647939365666e-19,4.0442549871331982e-19
13211.782,1.1197111625856184e-18,4.0986496357531083e-19
13214.045,1.1515167497942615e-18,4.298487231090151e-19
13215.605,1.2997880796394233e-18,5.318308530796674e-19
13252.368,5.57535487907514e-19,3.856872860468964e-19
13253.958,1.5715389376894154e-18,4.064146759145865e-19
13255.379,-3.729957015209939e-20,4.0781037498723046e-19
13257.827,1.4078290831272654e-18,4.076623207099555e-19
13258.21,1.3315396156633132e-18,4.31157389516927e-19
13261.682,2.398501162601128e-18,5.265259993342423e-19
13298.372,8.287830908306346e-19,3.7929509463603145e-19
13299.972,1.3551949041507914e-18,3.953320939927741e-19
13302.809,-7.213294114158847e-19,4.2768040825294637e-19
13303.872,1.81572279356961e-18,4.0283667272599792e-19
13307.371,9.232805603087294e-19,4.463857402823455e-19
13309.799,1.6139531363807e-18,4.510094962620036e-19
13344.376,1.926301224300951e-18,3.7431408908934016e-19
13345.985,-1.0450317668582331e-19,3.861591227249267e-19
13348.321000000002,4.1831147673684376e-19,3.9209515177202493e-19
13349.916,7.1287487272434e-19,3.962691094976234e-19
13352.243,6.498253169926848e-19,4.1169385875167964e-19
13353.838,1.3272834437671713e-18,4.424653165478889e-19
13390.38,1.7330302244734663e-18,3.689557664570507e-19
13391.998,-1.7187876893897743e-19,3.846903032898065e-19
13394.356000000002,6.572997662722478e-19,3.868422207829195e-19
13395.961,7.503293520737759e-19,3.904820014820194e-19
13398.31,8.594411193657315e-19,4.087864542234005e-19
13399.913,1.0973310116237653e-18,4.336952420105388e-19
13436.383999999998,8.308355405255814e-19,3.673081214085896e-19
13438.012,1.0125173186072378e-18,3.8391115408579167e-19
13440.392,1.4627535254534805e-18,3.8231795947717475e-19
13442.006,1.1087926543517464e-18,3.8304891505678846e-19
13444.376,3.1024997212837026e-19,3.991097719297027e-19
13445.989,1.1147953932199024e-18,4.2720122591426055e-19
13482.388,3.483281359738377e-19,3.769402641558822e-19
13484.025,8.717392887399663e-19,3.7208055674325565e-19
13486.427,1.245742534220513e-19,3.7312186801489916e-19
13488.051,1.6611041571951048e-18,3.7901026666450113e-19
13489.64,1.392910582451737e-18,4.0169482595569804e-19
13492.063999999997,1.0088753547134418e-18,4.2122087442433394e-19
13528.392,5.389464699229569e-19,3.4990658923983648e-19
13530.038,9.191383296371645e-19,3.718426735161142e-19
13532.462,-4.2448676742087485e-19,3.7368155368842357e-19
13534.095,1.7216262054010568e-18,3.768218694175801e-19
13536.49,7.422914655032515e-19,3.719423536334584e-19
13538.141,4.2648175677052844e-19,4.099778572584237e-19
13574.3955,7.702388283007444e-19,3.522833163827012e-19
13576.052,1.3768129516026424e-18,3.6744662610701064e-19
13578.497,3.749637816193009e-19,3.6736450927629263e-19
13580.14,1.5120475701356065e-18,3.727054401664382e-19
13582.557,1.356910334822282e-18,3.75858200216634e-19
13584.216,8.562124768118992e-19,4.0877722838519033e-19
13620.398,1.9287696176762316e-18,3.586686983587809e-19
13622.065,1.573661536599678e-18,3.6446296675277404e-19
13624.063,9.590685174538884e-19,3.584910892777865e-19
13624.532,4.635607974741098e-19,3.61851976272308e-19
13629.121,1.2969366073495011e-18,4.0356245523790493e-19
13630.291,9.574463073172815e-19,4.0958348869401843e-19
13666.402,1.755728292159764e-18,3.5017490657023144e-19
13668.078,1.3019713689622632e-18,3.6073103392836993e-19
13670.568,4.899079660469218e-19,3.593924073218789e-19
13674.707,6.862434079953043e-19,3.7819111601131497e-19
13674.84,1.388978386068888e-19,3.6323679429484007e-19
13676.367,1.640528434360734e-18,4.0767588423763153e-19
13712.407,8.443571615748052e-19,3.4480793392048833e-19
13714.093,1.6911839367558333e-18,3.621189552183307e-19
13716.604,6.636952046004873e-20,3.5617281160045327e-19
13718.273,7.554447113536243e-19,3.5938059886761906e-19
13720.772,1.7750639585197385e-19,3.747890350514068e-19
13722.442,1.7556350465874773e-18,4.004077577805739e-19
13758.41,8.2983773297749935e-19,3.425784654491909e-19
13760.105,1.475690772687248e-18,3.577741786060293e-19
13762.639,8.966402960445597e-19,3.563750812710954e-19
13764.318,1.7788858482437794e-18,3.5999339289772183e-19
13766.839,6.254536946364315e-19,3.7382421541490174e-19
13768.518999999998,2.1305901990031833e-18,4.027211267980791e-19
13804.414,3.1033328527580808e-19,3.3946306106457464e-19
13806.119,9.397308774991135e-19,3.532138300559628e-19
13808.674,1.204560839089855e-18,3.5759065107087867e-19
13810.363,9.659702828896247e-19,3.574832364766095e-19
13812.905,8.050004574045471e-19,3.7018643093091983e-19
13814.594,1.2259196160423415e-18,3.9689137765034895e-19
13850.418,7.726306759710656e-19,3.389347180339297e-19
13852.133,2.1272668267090494e-19,3.494100976963545e-19
13854.709,1.5854326376301802e-20,3.4852294835835724e-19
13856.408,1.1295970385556718e-18,3.560491916352064e-19
13858.972,8.306622408906703e-19,3.696293404615915e-19
13860.67,3.850039618405169e-19,3.886514567976278e-19
13896.422,8.675221978113392e-19,3.400736284319579e-19
13898.1455,3.2425438822428083e-19,3.4733034513535867e-19
13900.744,4.747540330125712e-19,3.518439007880169e-19
13902.452,1.4797460250975e-18,3.5975531955146345e-19
13905.038,2.332684916732068e-19,3.6074555830443127e-19
13906.745,8.795478903653138e-19,3.885993588887004e-19
13942.426,1.1693679409888058e-18,3.3928676477226094e-19
13944.159,8.454620521095047e-19,3.469529848718946e-19
13946.779,5.044046541072432e-19,3.475234709839841e-19
13948.497,1.5308033824307516e-18,3.5169913938627878e-19
13951.1045,9.448250163994336e-19,3.63949783372657e-19
13952.821000000002,-8.887849558617488e-20,3.8030484856672325e-19
13988.43,9.975028813421505e-19,3.3252241101687966e-19
13990.174,9.463702850250068e-19,3.6672964311735436e-19
13992.813999999997,3.421556547242872e-19,3.408231387954352e-19
13994.542,8.0368082911172705e-19,3.419212842746022e-19
13997.171,-6.986445256182751e-19,3.5283666846866866e-19
13998.896,2.5023241146924196e-20,3.7485812843026738e-19
14034.434,5.971421208491791e-19,3.277763327661294e-19
14036.187,1.5374901948472461e-18,3.4803055143532235e-19
14038.85,5.868539101204267e-19,3.369184568027198e-19
14040.587,1.3861429825785104e-18,3.396118731677164e-19
14043.236,8.040706540585635e-19,3.523621910440248e-19
14044.973,-6.365048360542138e-20,3.7139679311524497e-19
14080.4375,1.2578527319681737e-18,3.2793824218920243e-19
14082.2,1.1926883988478226e-18,3.3638680110699697e-19
14084.447,7.843564833462742e-19,3.2426971386083514e-19
14084.885,1.4806178995504358e-18,3.357875336813474e-19
14089.303,1.643279867016341e-19,3.4510220943127777e-19
14091.048,5.556075777197322e-19,3.68540210667605e-19
14126.441,1.1806075734582297e-18,3.227911490660003e-19
14128.213,3.9711109925024596e-19,3.315901897103558e-19
14130.92,5.007537584728261e-19,3.296209602023255e-19
14134.242,8.897900201537773e-19,3.9255010185160057e-19
14135.187,6.548397894234324e-19,3.2880695708933043e-19
14135.369,-4.2645485782756244e-19,3.34336938989444e-19
14172.445,1.7851383768395954e-19,3.175790667568108e-19
14174.227,1.7348963651475717e-18,3.3370764697584143e-19
14176.955,-2.311349971972747e-19,3.2532939352485484e-19
14178.721,1.5645811665998063e-18,3.29065246188751e-19
14181.436000000003,-6.575471598406363e-19,3.335774037459077e-19
14187.158,-1.0595746551034729e-19,3.6414381453695344e-19
14218.449,-5.1779214213984825e-19,3.1501298538828774e-19
14220.241000000002,1.0568919099622903e-18,3.285262266128292e-19
14222.991000000002,6.457487505850802e-20,3.2662811286251635e-19
14224.766,2.4694964279789607e-18,3.290654016928418e-19
14227.502,-9.686795478422067e-20,3.305512546244232e-19
14229.275,-4.949648877184761e-19,3.5235601451499343e-19
14264.453,1.3970047359245632e-18,3.188877066056977e-19
14265.237,-5.22469737797461e-19,3.452729931700034e-19
14269.026000000002,-3.295494224797926e-19,3.250683292730062e-19
14270.81,1.8462745063577868e-18,3.3067447804969776e-19
14273.568,-3.2089353397428394e-19,3.269686324097373e-19
14275.352,-1.7225981597011504e-19,3.4905248119371386e-19
14310.457,4.644725457164531e-19,3.1610924456964317e-19
14313.633,6.22891096639466e-19,3.3406226879347087e-19
14315.062,4.795506977060867e-19,3.2236987194974223e-19
14316.8545,1.126138551981688e-18,3.1605426918160785e-19
14319.635,4.773978317597722e-19,3.263923548803562e-19
14321.427,3.0448654532888765e-19,3.459065365175905e-19
14356.461,1.2851941729923346e-18,3.1624721767886543e-19
14358.281,8.087802662320128e-19,3.273525364409396e-19
14360.586,1.0770240300324983e-18,2.992488557829559e-19
14361.097,2.1341888746978993e-19,3.14094915660962e-19
14365.701,5.263535257999651e-19,3.2224025608377624e-19
14367.503,-4.842160561781487e-19,3.420404643783462e-19
14402.465,2.8536402837111727e-18,3.2532371182869975e-19
14404.295,-2.2611412841565807e-19,3.2478309606722447e-19
14407.132,1.245647860353851e-19,3.2096323415611077e-19
14409.33,3.880852379687046e-19,3.1999954377570493e-19
14411.501,4.0159988377791766e-19,3.132967665396157e-19
14413.578,7.342956976266573e-19,3.435174648922006e-19
14448.463,1.2014552544734135e-18,3.264385249284463e-19
14450.309,9.2649472008721e-20,3.264191908991913e-19
14453.167,-8.919495097620788e-20,3.723573220188202e-19
14454.989,7.034647592212493e-19,3.122159358378932e-19
14459.654,1.6591146778056639e-19,3.375900191984716e-19
14460.033,1.3775235782254736e-19,3.0603508186112704e-19
14494.45,1.6283351437506075e-19,3.132347799713804e-19
14496.322,-1.8340709585397114e-19,3.293809428738667e-19
14499.202,-6.809706116969504e-20,3.107678735020514e-19
14501.034,3.2169293045838226e-19,3.1321192103647594e-19
14503.9,-9.743928968689474e-19,3.399459378519791e-19
14505.73,-1.0703562673669807e-19,3.37570738550762e-19
14540.454,-2.170056415832803e-19,3.0798824085906846e-19
14541.219,-4.351127564893353e-19,3.384608051570069e-19
14545.237,1.004513553415114e-18,3.1323908582793935e-19
14547.079,-1.5528045743710583e-19,3.0492847123953204e-19
14549.967,4.0874780253021584e-19,3.196381679412359e-19
14551.806,-3.460059440229501e-19,3.4278890687157674e-19
14586.458,2.2496788155175665e-19,3.089113855700652e-19
14589.858,-2.781823288647523e-19,3.3692611127252744e-19
14591.272,5.602035127571544e-19,3.108813634779941e-19
14593.123,-3.817147822993575e-19,3.0911913228698293e-19
14596.032,1.7218067315957352e-19,3.1820475659915347e-19
14597.882,1.1045245233384398e-18,3.3860710777693685e-19
14632.462,1.2846684978946022e-19,3.12006977027064e-19
14634.345,6.109336257898004e-19,3.2486628678353593e-19
14637.309,7.914646031907285e-19,3.1454381027774665e-19
14639.168,6.816899499086722e-19,3.1111546932189015e-19
14642.098999999998,3.7764999188798256e-19,3.1648412591481996e-19
14643.957,3.6323099602119875e-19,3.3823362084192473e-19
14678.466,-6.37503934132619e-19,3.0893596536420684e-19
14680.355,3.783658829547883e-19,3.1641227498655533e-19
14683.344,7.981669158263103e-19,3.1444189269253927e-19
14685.213,1.3234507409626254e-18,3.106524988113128e-19
14688.166,6.051486766057143e-20,3.145675728941278e-19
14690.033,5.33420562202973e-19,3.3933845933372814e-19
14724.47,1.5795167217774436e-19,3.08649744194861e-19
14726.369,-3.9897841076060044e-19,3.211209492843165e-19
14729.379,6.321820647524099e-19,3.1186084664375346e-19
14731.258,5.92298892552815e-19,3.092043659160049e-19
14734.231000000002,-3.3393316623208975e-19,3.1939607980945196e-19
14736.109,7.299731218523235e-19,3.3750166089101936e-19
14770.473999999998,4.632590758878799e-19,3.090406140073294e-19
14772.382,6.073455803578846e-19,3.2000498466222287e-19
14775.397,6.171301462531283e-19,3.2716226191476133e-19
14777.303,7.719007858247749e-19,3.117448236941049e-19
14780.298,3.3966871347385932e-19,3.1877775535193805e-19
14782.185,1.0062145731704032e-18,3.38970354170787e-19
14816.478,5.841886898189603e-19,3.0928686365050314e-19
14817.442,1.0140235985313864e-18,3.3787083192557306e-19
14821.428,9.307181820024837e-19,3.136286117832181e-19
14823.348,6.502096000799074e-19,3.093871911883591e-19
14826.364,3.296195674734494e-19,3.1662414884475157e-19
14828.261,-6.635588425554259e-19,3.4058041648317244e-19
14862.481000000002,1.763304694914934e-19,3.077817094754958e-19
14865.729,7.494714167090508e-19,3.256300971041719e-19
14867.464,8.351939640526496e-20,3.14772698187661e-19
14869.393,1.1396299229189462e-18,3.1055064207677206e-19
14872.431,1.0063764889857654e-18,3.167622205219222e-19
14874.337,-1.3483847953318854e-18,3.463258472180416e-19
14905.786,2.2224743765169583e-19,3.0889132408430044e-19
14910.423,1.893253886677235e-18,3.2121597234696593e-19
14913.499,2.4990140081001905e-19,3.087619060984625e-19
14915.431,1.0076135396014034e-18,3.1996094901899546e-19
14918.497,3.275565059439617e-19,3.157982013619746e-19
14920.412,6.582248579053169e-19,3.353224384221173e-19
14956.393999999998,1.166249728881093e-18,3.2786314929216625e-19
14956.992,7.00417113645142e-19,2.922774745084353e-19
14959.534,2.9062535966029073e-19,3.102187630503522e-19
14961.46,6.967543979263522e-19,3.079177048343752e-19
14964.563,8.5635465327498545e-19,3.115647624129529e-19
14964.943,5.858405213359156e-19,3.338906955320538e-19
15000.493,8.407382316900084e-19,3.14277957508969e-19
15002.51,8.03726915296304e-19,3.1412217064993904e-19
15005.569,-2.2238522082954868e-19,3.064760590095473e-19
15007.505,5.092760805464963e-19,3.0196696255008056e-19
15010.63,2.1266668681585394e-20,3.0688673946503566e-19
15014.411,3.3589133287509546e-19,3.3083625279845e-19
15046.497,-1.5994292005969682e-19,3.050535174162913e-19
15048.464,4.745346663167746e-21,3.063370668001153e-19
15051.6045,-8.599921469703643e-19,3.0573679936532006e-19
15053.55,7.798792959621725e-19,3.002350107665511e-19
15056.6875,3.200296477185423e-19,3.2152851171009504e-19
15058.64,1.6204663347892808e-18,3.3324975453025895e-19
15092.501,-3.8251530403969813e-20,3.060467288147e-19
15094.478,-4.987395248139979e-19,3.0959497304652517e-19
15097.64,-1.555326362338879e-18,3.0592644557954815e-19
15099.595,7.352513409183206e-19,3.002117635008951e-19
15102.742,1.0548865414085331e-19,3.0547175831160948e-19
15104.695,8.455320525409056e-19,3.437994259626371e-19
15129.453,-8.413122901435675e-20,3.033977503590692e-19
15140.49,2.0444716737877743e-20,3.0914241679669384e-19
15143.675,-7.316231404810309e-19,3.1078246982751052e-19
15145.64,-9.277237684938214e-20,3.06930691501909e-19
15148.809,-1.3149151069828048e-18,3.079475610901042e-19
15150.768999999998,-8.522983668227971e-21,3.3064048262462945e-19
15186.504,1.3398750557644352e-18,3.1451491511270444e-19
15189.711,-8.702911039225653e-19,3.0526606404639996e-19
15191.684,6.000845836054119e-19,3.0063132812838656e-19
15194.875,-2.2007480588351567e-18,3.183426680505967e-19
15196.845,2.069448371458535e-19,3.2768692506048216e-19
15197.016,-1.8622928933473784e-19,2.687526343790097e-19
15230.512,1.095767194196345e-19,3.0643731643083857e-19
15232.518,8.629625416474016e-19,3.093473718247876e-19
15235.746,-5.326624146921804e-19,3.098656652072865e-19
15237.729,2.41923895613102e-20,2.988044736351604e-19
15240.941,-1.1303398783357872e-18,3.1648942806955626e-19
15242.92,-1.5136059973500552e-19,3.1993862743699986e-19
15276.516,1.4050515554022952e-21,3.017845951050089e-19
15278.531,9.969077463663248e-19,3.1309338812516284e-19
15281.781,2.503614925881553e-19,3.083993125811761e-19
15283.773,5.15860322704549e-19,3.028523383592598e-19
15285.376,2.202773489001155e-19,3.044637057535049e-19
15288.996,-9.915408610543326e-20,3.2292349915220243e-19
15322.5205,9.64292601488032e-19,3.103229497531137e-19
15324.544,6.963838935506245e-19,3.103245791516666e-19
15327.816,-5.539254507046823e-19,3.106580027126453e-19
15328.207,3.248046304533241e-19,3.0180622357559317e-19
15334.382,3.4336967082168757e-19,3.0395210659507264e-19
15335.072,2.300795780755519e-19,3.2284445307938663e-19
15368.523,9.735452273687513e-19,3.0925443884406165e-19
15370.559,-1.696663277301943e-18,3.251283790942901e-19
15373.852,-1.904312530882561e-19,3.0563586912437215e-19
15377.795,5.866750649087772e-19,2.967249464136288e-19
15379.141,2.819174416428872e-19,3.0286342328012465e-19
15381.147,-1.6221550674758058e-21,3.1898485806344907e-19
15414.527,8.681439531038725e-19,3.1383392634836817e-19
15416.571000000002,-1.0901272148283265e-18,3.1657613183596476e-19
15419.887,1.1074797577911219e-18,3.0811695694240833e-19
15421.842,2.1119372940566935e-18,3.1774691164628754e-19
15425.207,5.532247717178297e-19,3.039412863528039e-19
15427.223999999998,2.147475021190857e-19,3.2307863573841734e-19
15460.531,-3.337541690577925e-19,3.112211097222603e-19
15462.585,1.5312986959775034e-19,3.1169990566133156e-19
15465.922,4.161578628815719e-19,3.073861881582461e-19
15467.948,1.2881147656309798e-18,3.0328612146235865e-19
15468.919,8.131219396048039e-19,3.0793960562269495e-19
15473.299,1.9320358627649285e-19,3.218086683103311e-19
15506.535,1.3261861690043648e-19,3.1026339443636074e-19
15508.598999999998,1.1043054339372882e-18,3.170508545920038e-19
15511.957,-5.147843091001142e-19,3.0838946593774036e-19
15513.992,6.01023677180997e-19,3.015016809267352e-19
15519.375,8.460005062044949e-19,3.267012304188182e-19
15519.467,1.1468327282086548e-18,3.01965883366486e-19
15552.539,7.457525284069548e-19,3.1674541520915613e-19
15554.612,1.0724152310900722e-18,3.2026624503430106e-19
15557.992,-1.3446049234383831e-20,3.055714501346607e-19
15560.148,5.189120302158503e-19,3.0226717038702377e-19
15563.406,4.556571388373206e-19,3.100354194709164e-19
15565.451,-4.7850277798696665e-20,3.217259160148503e-19
15598.543,4.316284226027165e-19,3.156244451277968e-19
15600.625,7.573673741458205e-19,3.204268110411868e-19
15603.667,7.890465128808834e-19,2.871147706010601e-19
15604.027,-2.646293216911496e-19,3.0691675914672827e-19
15609.473,-6.902755315959308e-19,3.035146461836803e-19
15611.526000000002,-3.612512041748662e-19,3.2425717046599015e-19
15644.547,6.902586433500267e-20,3.1986220127899154e-19
15646.639,7.498624893257308e-19,3.1823672779361654e-19
15650.063,6.334236717449657e-19,3.126989040057707e-19
15654.8,9.899685224125665e-19,3.0316963753036643e-19
15655.539,-6.186852290560244e-19,3.0479577702310454e-19
15657.603,-2.4440234486911267e-19,3.216553077676214e-19
15690.551,-1.3697389595938439e-19,3.1881719257401996e-19
15692.652,5.709835081084642e-20,3.1911676078017505e-19
15696.098,7.184527614506021e-20,3.0982280889539087e-19
15698.177,6.089008372589606e-19,3.003035881509649e-19
15701.6045,-1.0772424004966684e-18,3.037895756644492e-19
15703.678,4.6224451250835197e-20,3.220441130870139e-19
15736.555,-1.3241455207804279e-18,3.2245094139853657e-19
15738.666,4.84903065544614e-19,3.243574353612406e-19
15742.133999999998,5.833225332702201e-19,3.076299743045735e-19
15744.221,5.1037298080396185e-19,2.991611533571352e-19
15747.671,-6.322071386217251e-19,3.0463341469203404e-19
15749.754,-6.354277959371747e-19,3.2294002498501343e-19
15782.558,3.5759218325485885e-19,3.243082068113621e-19
15784.678999999998,1.7287363406183868e-20,3.1933663624165057e-19
15788.169,7.051661818072237e-19,3.091180859632079e-19
15790.266,1.0537466327476506e-18,3.0154517017879707e-19
15793.737,5.799348508275906e-20,3.090395775255138e-19
15795.83,2.155460275543405e-20,3.2309817158731295e-19
15828.562,7.954037938746664e-19,3.1916394884111633e-19
15830.692,5.093447215029686e-19,3.196457692864884e-19
15834.204,5.745184241939433e-19,3.0941397176482665e-19
15836.311000000003,1.0851058890279644e-18,3.017726708828446e-19
15839.803999999998,2.4812366207047245e-19,3.048461610404227e-19
15841.905,-6.482085609910421e-22,3.2293864334488134e-19
15874.565,4.558101524203375e-19,3.199636030552851e-19
15876.706,2.5498152772682105e-19,3.2257646502816735e-19
15880.239,2.2983960909887443e-19,3.0977045107096744e-19
15882.355,1.6125863457767736e-18,3.0690822493315217e-19
15884.74,-6.35671806145086e-19,3.1012876466711205e-19
15887.981000000002,1.182936409862759e-18,3.285395046038265e-19
15920.569,4.824976013252605e-19,3.2876553683268144e-19
15922.72,4.2854483155502877e-19,3.236456553190543e-19
15926.274,6.260745066349766e-19,3.153771645765233e-19
15928.4,1.0630127587423291e-18,3.035275838816291e-19
15932.723999999998,-9.865859804464985e-19,3.3076385689434484e-19
15934.057,1.054182923309575e-18,3.3121316788765673e-19
15966.573,4.452617266743853e-19,3.331064315940877e-19
15968.732,6.040324290486336e-19,3.2725314394774224e-19
15972.31,6.205446972046663e-19,3.1549182382660506e-19
15974.444,1.4794444525864508e-18,3.118682816679842e-19
15978.003,3.039072307913408e-19,3.0936755386007707e-19
15978.427,4.877036192886019e-19,3.3588912260459213e-19
16012.577,9.214075536337672e-19,3.290258289591465e-19
16014.747,1.0859037320854952e-18,3.3229847076780945e-19
16018.345,1.0089893936142396e-18,3.205519242682267e-19
16020.348,1.1802765354061408e-18,3.2251296110723787e-19
16024.069,-1.3195585924056631e-19,3.100367784804119e-19
16028.289,4.371532965220641e-19,3.341731606238234e-19
16058.581,8.059812765570661e-20,3.32511010848897e-19
16060.76,1.6081084335400756e-18,3.3764036339410043e-19
16064.38,9.400642529024737e-19,3.2239726753953805e-19
16066.735,1.0328280531858595e-18,3.141727051093681e-19
16070.136,1.9488853109510363e-19,3.1139854901783116e-19
16072.284,9.068698909809613e-19,3.3354687423755976e-19
16104.584,5.866248561189957e-19,3.3615134551943707e-19
16106.773,1.0669108711639204e-18,3.379834042007324e-19
16110.415,5.997622852687727e-19,3.203982595112048e-19
16112.579,9.524679985375193e-19,3.1054181977300255e-19
16116.202,4.709654975170109e-19,3.175625907296238e-19
16118.359,4.681346179850555e-19,3.337119625241383e-19
16150.588,5.557891365627397e-19,3.359001374472272e-19
16151.465,1.2077085108125985e-18,3.5228329797251645e-19
16156.45,7.852570392974025e-19,3.2686538151604353e-19
16158.624,8.075855436496023e-19,3.1197010331833526e-19
16162.268,6.435279484925739e-19,3.180002342876259e-19
16164.436000000003,3.060877211366814e-19,3.340337666139578e-19
16196.592,7.987944109988417e-19,3.4033883651352945e-19
16200.7295,3.2116489411569304e-19,3.4432675484545914e-19
16202.485,2.53403687898425e-19,3.2821092514466567e-19
16204.668,1.309956554749056e-18,3.197063784148761e-19
16208.334,1.3619558240140046e-19,3.185614686429652e-19
16209.773,5.750791068181776e-19,3.5790109861006687e-19
16242.596,7.252226557126742e-19,3.460478146598763e-19
16244.813,9.350001549984464e-19,3.474710527234664e-19
16248.5205,-3.5944574568411367e-19,3.306610177624325e-19
16248.923,6.7070385032404585e-19,3.2391161637885167e-19
16254.4,-4.003558990716009e-19,3.211015371230301e-19
16257.659,1.4391429138924564e-20,3.5383472857022294e-19
16288.598999999998,3.643287536099584e-19,3.4755441510972802e-19
16290.826,7.766103852127816e-19,3.5041724732993655e-19
16294.556,8.337853320802189e-20,3.3453501509398794e-19
16299.088,6.14094976655694e-19,3.263838193579828e-19
16300.467,4.481766367254687e-19,3.280795009176965e-19
16302.662,3.625868347444078e-19,3.4883792855725596e-19
16334.603,1.1524309031957695e-18,3.565784692639677e-19
16336.84,8.21271118278941e-19,3.5774026751813202e-19
16340.591,-1.9320679250501456e-19,3.3937295383884693e-19
16342.802,1.1592538211526087e-18,3.3038347019398506e-19
16346.533,5.949800934221909e-19,3.3020654969930557e-19
16348.738,8.437613784128736e-19,3.508687303891658e-19
16380.606000000002,8.712097780170998e-19,3.568101126374732e-19
16382.854,1.2774436891030857e-18,3.5947428237775123e-19
16386.627,7.994509204023395e-19,3.427549250061021e-19
16388.846,1.6021146273403476e-18,3.3453702034222676e-19
16392.6,-3.167575154691343e-19,3.291129151118459e-19
16394.814,6.896151156893372e-19,3.547221618539009e-19
16426.611,4.846889562571505e-19,3.582690687552332e-19
16428.867,5.223788227608256e-19,3.613847509868449e-19
16432.662,7.323835762613513e-19,3.5060026837224227e-19
16434.89,1.6858882169854371e-18,3.4005311881006476e-19
16438.666,6.313608951725265e-19,3.352882051053599e-19
16440.889,7.281258646940952e-19,3.5601056278652086e-19
16472.615,-5.512600228607889e-20,3.6251885311251413e-19
16474.879,7.900049812094474e-19,3.6287324452231957e-19
16478.697,7.110635642103054e-19,3.5080413304892264e-19
16480.936,1.3367984066640396e-18,3.4165937173174255e-19
16484.732,1.5254133129654907e-19,3.391655654263374e-19
16486.965,2.2572189081194073e-19,3.589448920498486e-19
