LAMBDA,FLUX,FERROR
8016.791999999998,-2.6041646582703494e-18,1.8061623405776447e-18
8017.76,-2.291749987282188e-18,1.5155505377278917e-18
8018.781,-3.3542682322154352e-18,1.658447540119302e-18
8019.7266,-2.2069302277663938e-18,1.3803216782270822e-18
8019.816999999999,7.169349514146581e-19,1.6558857165739846e-18
8021.6636,-2.8777023555317975e-18,1.5599852469465383e-18
8040.937,-1.8556692791572016e-18,1.6924961856472287e-18
8041.906,-2.572724058193984e-18,1.4410188230155076e-18
8042.934,-8.64371236451742e-19,1.6285959206524911e-18
8043.8813,-9.711190249540818e-19,1.3501587185621778e-18
8045.4004,5.504157658155194e-19,1.946377415636069e-18
8045.826999999998,-4.9399062692673705e-18,1.4824034439671314e-18
8064.991999999998,-1.351375564871924e-18,1.707374397016639e-18
8066.052,-2.7256055099057098e-18,1.3996586239951333e-18
8067.086999999998,-4.919469436846191e-19,1.6223422061400935e-18
8068.036,8.099093458651636e-19,1.3200858503521194e-18
8069.0283,-1.372610850494685e-18,1.556666793851703e-18
8069.9907,-4.072457673587295e-18,1.4417682679974128e-18
8089.257,-8.875454620650629e-18,1.7722924161869693e-18
8090.1978,-3.89580923990813e-18,1.3584363395300856e-18
8091.24,3.7416587805496107e-19,1.5846836807890568e-18
8092.191,-1.2814343343396919e-18,1.2946337205098394e-18
8093.245,-5.953530540977928e-19,1.6435354637183013e-18
8094.1543,-1.7613808660013628e-18,1.3971614543087749e-18
8113.371,-1.0054336072714488e-18,1.6122557752662835e-18
8114.3438,-2.7822229879464812e-18,1.3406299983370427e-18
8115.3936,-3.284166276683189e-19,1.5254101601809943e-18
8116.345,-3.4162842852717307e-18,1.2631766392617293e-18
8116.4497,-6.056432120902268e-19,1.4834208397098357e-18
8118.318,-3.58044059646053e-18,1.3474621824242429e-18
8137.5127,-1.9024909599597133e-18,1.565651216533886e-18
8138.4897,-2.8826718824650537e-18,1.297501786325593e-18
8139.547,-1.647271679140205e-18,1.4637621196490664e-18
8140.5,5.078561561377449e-20,1.230166761527588e-18
8141.9565,-3.1167730967247115e-18,1.8410386986735244e-18
8142.4814,-2.2469111350556363e-18,1.3276543424994917e-18
8160.8174,-7.311308441917586e-19,1.5346284305163157e-18
8161.9316,-4.137208342611144e-18,1.3653073489978821e-18
8163.7,-2.1774557606103007e-18,1.426143379933849e-18
8164.655,2.6298707601671323e-19,1.1810611300478375e-18
8165.7095,-2.4499658613206758e-18,1.3899362812311554e-18
8166.645,-7.015727273025507e-19,1.303957917587506e-18
8186.055,-4.485668940983702e-18,1.5989881710836118e-18
8187.8535,-2.8548126636682157e-18,1.3716316372658436e-18
8187.9659999999985,-6.880986088573303e-19,1.3081429029321193e-18
8188.809,-1.0831697620695667e-18,1.17185644867617e-18
8189.8716,-2.66557952642475e-19,1.4050707400070182e-18
8190.69,-1.1838437611645175e-18,1.2655945152886677e-18
8209.944,-4.5768665117868485e-18,1.3440265027663408e-18
8210.918,-1.151566320163931e-18,1.1823424296055726e-18
8212.007,-1.813132439890897e-18,1.3497018169185438e-18
8212.964,-1.6677064853551606e-18,1.1206224451685459e-18
8214.034,-6.221143605198244e-19,1.3650053680394813e-18
8214.28,-2.318274161632421e-18,1.3127945780868104e-18
8234.089,-1.0173909682908061e-18,1.301018919283562e-18
8235.064,-3.2791383689505093e-18,1.1489601044692324e-18
8236.158000000001,-1.0661907126482948e-18,1.3339523586339397e-18
8237.119,-1.3704073667171124e-18,1.080234269637627e-18
8238.195,-3.1306419400738844e-18,1.8572232060454044e-18
8240.306,-1.5560081730364941e-18,1.2282193603968878e-18
8258.234,-1.2345893416177578e-18,1.1945438540840973e-18
8259.21,-3.935628832925077e-18,1.0760149059171463e-18
8260.308,-2.4016933749269995e-19,1.257362622932915e-18
8261.273000000001,-1.5532647964129677e-18,1.065908865436292e-18
8262.357,2.3453219400286814e-19,1.2256144016416292e-18
8263.3,-1.823726007515736e-18,1.1252249632660827e-18
8282.379,-2.5514272334351655e-18,1.1343360343847795e-18
8283.356,-1.847892388515804e-18,1.0115150797660552e-18
8283.687,-1.9894542753962576e-18,1.1887401119979494e-18
8285.427,-2.1573809396937168e-18,1.044851896472025e-18
8286.52,-1.3722523106279607e-18,1.1812106653654482e-18
8287.463,-2.9468436839660766e-18,1.1095151742284749e-18
8306.523000000001,-1.915937305080981e-18,1.0770965968524568e-18
8307.503,-5.684715282530305e-19,9.569007768422185e-19
8308.779,-2.5326117928537863e-18,1.2624065999593758e-18
8309.573,-2.238926010833619e-18,9.577568088299242e-19
8310.681999999999,-8.371449238396357e-19,1.160251176276801e-18
8311.627,-2.538852840566369e-18,1.070749626644873e-18
8330.668,-7.935521327251471e-19,1.0706813158659287e-18
8331.648000000001,-1.363183917213163e-18,9.054329443244623e-19
8332.795,-1.761428758258017e-18,1.1250008716779688e-18
8333.728000000001,-4.521424670739405e-19,9.123103321291029e-19
8334.841999999999,-1.0831789337065356e-18,1.1470706009754733e-18
8335.789,-3.8339350455060356e-19,1.0588991876456241e-18
8354.453000000001,1.6745745007069102e-19,1.0162055601671632e-18
8354.8125,-1.21099277239377e-19,1.0176723571819038e-18
8356.921,-1.108135935074061e-18,1.038215074209734e-18
8357.882,-4.764147583692278e-19,8.84826179840443e-19
8358.416,-9.029899606399244e-19,1.0778581286590233e-18
8359.944,1.1374191129049904e-18,1.0055040739524812e-18
8378.958,-4.2413574860889536e-19,9.64394590106929e-19
8381.074,-1.693994377544807e-19,1.0029368581598303e-18
8381.768,1.026658422009651e-18,9.10497273262164e-19
8382.037,-3.670860831576847e-19,8.570952146073772e-19
8383.279,-1.4609612388004435e-18,1.1481146748829026e-18
8384.107,-1.4735230955451931e-18,9.671338440714264e-19
8403.103000000001,-2.1528031330719684e-18,9.502233559460655e-19
8404.087,5.561190483076695e-19,8.388819927936034e-19
8405.228000000001,1.8712143682526984e-18,1.0370665637893784e-18
8406.190999999999,3.404096652319099e-19,8.253052640535921e-19
8407.324,-1.4010672224370921e-18,1.0190602092295077e-18
8408.271,-1.88845670150836e-18,9.462340545401368e-19
8427.247,-1.2772320954801995e-18,9.21713587115179e-19
8428.233,-7.289740184239035e-19,8.062924545612397e-19
8429.38,-2.4026589593922535e-18,9.259393214292133e-19
8430.347,3.42392785804165e-19,8.054573234525017e-19
8431.485999999999,-8.4075621534479e-19,9.781675932794018e-19
8432.435,-1.2273126019101016e-18,9.069305315624582e-19
8451.393,6.234112645814733e-20,8.88497207000221e-19
8452.379,-2.0459007999013522e-18,7.708946419094191e-19
8453.533000000001,-2.229936954716297e-18,8.996185757347846e-19
8454.501,-6.634903549074489e-19,7.6449922355535e-19
8455.648000000001,-2.210891310195013e-18,9.316779406942907e-19
8456.599,-6.556906862438305e-19,8.813414661169976e-19
8474.752,2.608159223950365e-20,8.33980246773419e-19
8476.525,-1.1922307161038623e-18,7.329120738275793e-19
8477.687,-7.804711729314255e-19,8.685048240622654e-19
8478.655999999999,-7.0549039193699405e-19,7.346491933090988e-19
8479.811,-9.990513447933267e-19,9.302427306734186e-19
8480.761999999999,-2.393373208882896e-19,8.384757516470728e-19
8500.123,-3.958081589108964e-20,8.914177167336368e-19
8500.671,-2.9077416218480545e-18,7.350987042358016e-19
8501.84,-9.46769720643552e-20,8.393327959549101e-19
8502.811,-1.0293717026793911e-18,7.151754589336319e-19
8503.972,-2.495603086286625e-19,8.923673096445843e-19
8504.926,-4.2422333936546553e-19,8.053136004357143e-19
8523.827,1.4484511243093014e-19,8.011508996664117e-19
8524.817,-3.8748336914091856e-18,7.004513636884314e-19
8525.993,-5.254865094246942e-19,8.1920843854188165e-19
8526.965,-1.5433082643874666e-18,6.906124464307342e-19
8528.007,-2.202796734286746e-18,7.865322756973793e-19
8528.134,-7.644846785768133e-19,8.505924352926179e-19
8547.972,-3.3987392423883775e-19,7.906947597429553e-19
8548.964,-1.140936570951674e-18,6.826389229333372e-19
8550.146,-1.3881944013812492e-18,7.891726706072175e-19
8551.12,-5.280016130620843e-19,6.814283234914344e-19
8552.296,-5.616366429582657e-19,8.393423597353516e-19
8554.632,-1.508739668010056e-18,7.644564924568813e-19
8572.117,-2.608741219969017e-18,7.458221928523925e-19
8573.109,3.0691580625544483e-19,6.739306666303422e-19
8574.3,3.892881127465694e-19,7.933066055142111e-19
8575.274,2.33856940844967e-19,6.650108052084234e-19
8576.458,-2.7791296336593313e-19,8.283001707573938e-19
8577.416,-7.286697556339958e-19,7.5680451783283835e-19
8596.261999999999,-1.2142162027008602e-18,7.280858296069017e-19
8597.256,5.9997896091028135e-19,6.749226953049522e-19
8598.453000000001,-3.2950334624831374e-19,7.669334345132027e-19
8599.429,-1.460987508597012e-18,6.463453559101454e-19
8600.62,-7.027044085957058e-19,8.079164863687516e-19
8601.58,-1.633165321268466e-18,7.426574605210613e-19
8620.405999999999,8.797856988523094e-21,7.400496446491271e-19
8621.402,8.760381747146924e-19,6.750902788805817e-19
8622.606,-2.4825543941640756e-18,7.498404041114371e-19
8623.584,-6.609516871517555e-19,6.4385146397614935e-19
8624.780999999999,3.5866255665823415e-18,8.573679972111433e-19
8625.743,-1.7243867901330784e-18,7.357450781539162e-19
8644.552,-1.1911115145841926e-18,7.558448078009967e-19
8645.548,-5.909133599240152e-19,6.436867028534998e-19
8646.76,-1.3282272011547602e-18,7.45213323812583e-19
8647.739,3.1324429352888697e-19,6.524164062159073e-19
8648.943000000001,-2.5637224448040607e-19,7.9988210448162495e-19
8649.907,-1.1423879759006026e-18,7.189851065383682e-19
8668.696,-1.5855499742928196e-18,7.156122052949366e-19
8669.694,-2.5030404872184257e-18,6.181218631196894e-19
8670.913,-7.84376247231516e-20,7.274480645284688e-19
8671.894,1.491418314188735e-19,6.306560224596139e-19
8673.105,-5.511848915615976e-19,7.615527633057768e-19
8674.07,-1.6751926194668032e-18,6.914031586616067e-19
8692.841999999999,-1.80532927056432e-18,7.054574662438446e-19
8693.84,-2.865901659495776e-18,6.022205056114272e-19
8695.065999999999,-6.961323399300589e-19,7.217714178002035e-19
8696.048,-9.203734207611343e-20,6.170548004437773e-19
8697.268,-4.417995220708871e-19,7.50287872639491e-19
8698.234,-1.3771990407666941e-18,6.632105328880731e-19
8716.985999999999,-1.71579695061773e-18,6.677133547651347e-19
8717.985999999999,-2.537833048840538e-18,5.771212554654325e-19
8719.22,4.510713899005108e-19,6.971967815614406e-19
8720.203000000001,-7.692518292289338e-19,5.7131870981866595e-19
8721.43,-1.334609537191589e-19,7.134513272528034e-19
8722.398000000001,-1.0766494964572326e-18,6.389623289957488e-19
8741.131,-1.5158138555225582e-18,6.416381030814911e-19
8742.072,-2.2929837793106156e-18,5.551777545443891e-19
8743.373,-4.658585497968321e-19,6.736865994533476e-19
8744.357,-6.965852046769616e-19,5.633286599776126e-19
8745.591999999999,-6.092432217525401e-19,6.828632091689281e-19
8746.562,-6.58226015840154e-19,6.159290208648013e-19
8765.276,-6.135873196509351e-19,6.052492966863296e-19
8766.349,-8.761915154770044e-19,5.54925762417271e-19
8767.526,-1.3326284004266902e-18,6.141685913227684e-19
8768.513,-7.901676261822744e-19,5.563787705264612e-19
8769.754,-5.256145153669435e-19,6.674113331460533e-19
8769.773000000001,-6.145491250488129e-20,5.953030831373466e-19
8789.386,-1.434483895269087e-18,5.961330923405019e-19
8790.425,-4.510652349296483e-19,5.185513271103577e-19
8791.68,-1.3572629530831735e-18,5.945311246742398e-19
8792.667,-1.174892819174909e-18,5.281346412724893e-19
8793.916,-2.3802156444307744e-19,6.637459614630382e-19
8796.054,-8.93467417261217e-19,5.840195848457341e-19
8813.598,-5.897230210075371e-20,6.238707599957518e-19
8814.571,4.067150094931459e-20,5.072252779321723e-19
8815.833,-3.899766619681613e-19,6.075263283612038e-19
8816.822,-1.5447307346302549e-19,5.211110438801991e-19
8818.030999999999,-1.2636562323139152e-18,6.235244674586328e-19
8819.053,-1.9766377829335607e-18,5.684806050029854e-19
8837.712,-7.224199813104737e-19,5.727759104734875e-19
8838.718,2.4527449257865153e-19,5.198862068057487e-19
8839.985999999999,-1.15114663202872e-18,5.779134731897859e-19
8840.978000000001,-5.549167549777875e-19,4.914593929023426e-19
8842.277,2.8498724283463517e-19,6.444584039362109e-19
8843.216999999999,-7.799478549635278e-19,5.51630197435063e-19
8861.856,-5.1614364966657677e-20,5.637473299446083e-19
8862.864,-1.2832040341526224e-20,4.923038130290715e-19
8864.141,1.9334486336905175e-19,5.7101844519722115e-19
8865.132,-4.809933476396933e-19,4.679446852923823e-19
8866.402,-2.1421968384239442e-19,5.948389742688293e-19
8867.38,-3.944706438458456e-19,5.396773101203965e-19
8886.002,-1.85728173194225e-18,5.482675917075522e-19
8887.01,4.537793546674086e-20,4.856826339896945e-19
8888.294,-1.69114471830927e-19,5.648168986390061e-19
8889.287,-5.7966374967804e-20,4.629517641799856e-19
8890.564,-1.2739405771527317e-18,5.619770901191425e-19
8891.544,-5.15565769418324e-19,5.250583938276306e-19
8909.222,-8.595447581200607e-19,5.465633004625728e-19
8911.155999999999,1.2514773149336503e-19,4.706535478550522e-19
8912.447,-8.0738363979214975e-19,5.454114231560494e-19
8913.440999999999,-4.386288483933613e-19,4.642025913183164e-19
8914.726999999999,-1.7943170893699764e-18,5.436201448839511e-19
8915.708,-8.754074563632943e-19,5.195858912286748e-19
8935.101,6.185363685416598e-19,5.334860030659616e-19
8935.303,-8.295522723710893e-19,4.753597413042128e-19
8936.601,-5.504966071716585e-19,5.258613116543474e-19
8937.596,2.831556289752579e-19,4.55087790500293e-19
8938.612,-1.7078425891959081e-18,5.436876799535469e-19
8939.871,-7.01268358314726e-19,5.040453722519775e-19
8958.437,-7.928462693522376e-19,5.431093056512868e-19
8959.449,-1.1616374526481308e-18,4.489359818701677e-19
8960.754,-3.0449804608012684e-19,5.192428816070396e-19
8961.751,-5.541079822742285e-19,4.3219060639913754e-19
8963.214,-7.590119691581004e-19,5.476492906371333e-19
8964.035,-5.374775747483459e-19,4.881104407063783e-19
8982.582,-2.0859161075276244e-18,5.179590603987511e-19
8983.596,-1.127074916080096e-18,4.399260517325096e-19
8984.908000000001,-9.496239458399406e-19,5.194772785122602e-19
8985.905,-4.0053299761709597e-19,4.3066391959211595e-19
8987.213,2.197863501633008e-20,5.341774386171815e-19
8988.199,-8.940037451966278e-19,4.775919797233308e-19
9006.728000000001,-9.677784367538878e-19,5.243901512014216e-19
9007.742,-1.1032491776604052e-18,4.493602325984351e-19
9009.062,-1.3984672257311708e-18,5.125390832999461e-19
9010.062,-3.4865462890541194e-19,4.2082616882535923e-19
9011.375,6.655253988086558e-19,5.495810371367341e-19
9012.363,-4.551127244560341e-19,4.651777550300344e-19
9030.872,-2.6786776327135773e-18,5.088507601153606e-19
9031.888,-6.08957601112908e-20,4.521673219718183e-19
9033.215,-8.109703950639988e-19,5.069366027700437e-19
9034.216,1.0506013189482397e-19,4.38562472304778e-19
9035.537,1.5265576316455816e-18,5.539635062782501e-19
9036.526,-5.912083702738785e-19,4.655219860843489e-19
9055.018,-2.0303881568119244e-18,4.981203199521033e-19
9056.034,-1.4566358375154676e-19,4.563858913220318e-19
9057.368,-1.163413731565796e-18,5.026161545641326e-19
9058.371,9.89873860889305e-19,4.342370114936509e-19
9059.136,-4.3192387101901343e-19,5.090293868879422e-19
9060.69,-7.45995330222451e-19,4.65916804906349e-19
9079.155,-7.155815766262412e-19,5.189469217654919e-19
9080.181,2.381915316353472e-19,4.510613012580228e-19
9081.522,-1.2161548137727656e-18,4.837923011924183e-19
9082.526,1.0824848823194065e-18,4.1797445783879384e-19
9084.246,7.78984492086299e-19,5.452116807627287e-19
9084.8545,-3.833221888576377e-19,4.606946992159797e-19
9103.296,-8.550265649881097e-19,5.096284003892468e-19
9104.327,1.8377624593600538e-18,4.359771816841581e-19
9105.676,-1.0204706583200336e-18,4.896796589976981e-19
9106.681,4.294058530342107e-19,4.110942324792392e-19
9108.023,-1.0395443313050309e-18,4.941816512475919e-19
9109.019,-5.759068685751542e-20,4.566882870061174e-19
9127.441,-5.412055445167543e-19,5.199912458897233e-19
9128.47,8.911221901737574e-19,4.170195289742878e-19
9129.829,4.912438020800849e-19,4.957202338599886e-19
9130.836,-1.0829385130567973e-18,3.902615793109443e-19
9132.187,-1.2843985172999807e-19,5.013949680366759e-19
9132.409,-3.533994145142016e-20,4.420507702671613e-19
9151.587,-7.830126339745579e-19,4.950219804031498e-19
9152.601,-7.5551793136525605e-19,4.13673722728341e-19
9153.101,-6.676958569268255e-19,4.8027560440976935e-19
9154.99,-1.555131307834597e-18,3.8622081999199027e-19
9156.349,-6.940205947066058e-19,4.840293284180395e-19
9158.204,-4.840585625693441e-19,4.3449091989868605e-19
9175.731,-8.265840676726976e-19,4.83273772837339e-19
9176.747,-1.0828228970601597e-18,4.03304037133691e-19
9178.9375,-4.88246857094886e-19,4.774658822403801e-19
9179.1455,-1.4212616623936915e-19,3.942915357629276e-19
9180.511,-1.222215945750655e-18,4.510773473350474e-19
9181.51,-1.8272412636570744e-19,4.2295333700938125e-19
9199.877,-1.292907340163e-18,4.603354888953281e-19
9200.894,-4.515836162500687e-19,3.9447356796651916e-19
9202.279,-9.955053809410593e-19,4.473631330412798e-19
9203.301,2.649318036585316e-19,3.923276715263234e-19
9204.133,6.442787791586051e-19,4.652480011821791e-19
9205.674,6.755154930778333e-19,4.182427453121599e-19
9223.488,-2.9419194080545274e-19,3.6756673160317515e-19
9224.021,-2.9514883392555167e-19,4.601737051286145e-19
9226.434,-5.160153822480556e-19,4.551017934887629e-19
9227.455,-5.778455244169366e-19,3.708446144716841e-19
9229.212,-2.116580522320211e-19,4.597523889095311e-19
9229.838,1.8812253679668623e-20,4.0793363691159684e-19
9248.167,8.228646972492458e-21,4.615226457828644e-19
9249.202,-7.973480649590347e-19,3.8778504226265347e-19
9250.587,-2.0456891633743135e-18,4.276248923574335e-19
9251.592,-1.1524899597789023e-18,3.566154154141537e-19
9252.998,-7.359274563923235e-19,4.566860142760188e-19
9254.001,-6.961548052756817e-19,4.0288232579355946e-19
9272.3125,-6.830174206211727e-19,4.534089862575852e-19
9274.74,-1.2674239424744379e-18,4.422572364775209e-19
9274.953,-7.027221946403488e-19,3.8260498881011153e-19
9275.746,2.010581602090863e-19,3.7551543489779927e-19
9277.155,1.9809592595153947e-19,4.674197580503367e-19
9278.165,-7.91412042423427e-19,4.0352983853710996e-19
9296.457,-8.385916945245623e-19,4.485680616025604e-19
9297.479,-9.720083427385661e-19,3.796992006234331e-19
9298.025,-7.504849614871222e-19,4.563251475810822e-19
9299.901,-8.395888375774898e-20,3.635000400892235e-19
9301.313,-2.366417628153512e-18,4.635887143651591e-19
9302.31,-6.593708929776712e-19,3.9815994651103986e-19
9320.603,-6.720627885668114e-19,4.485044171573874e-19
9321.625,-6.714003477894498e-19,3.799007075448019e-19
9323.817,-9.859601591554736e-19,4.217561306934889e-19
9324.056,-4.472124600723167e-19,3.5956617538972106e-19
9325.477,-1.8297686006974047e-18,4.2873303456526117e-19
9326.474,-7.647015872650236e-19,3.9390407454214075e-19
9344.747,-2.326701693197793e-19,4.499092365061663e-19
9345.771,-3.6158229765186093e-19,3.742266211219789e-19
9347.201,-1.0086885031267183e-18,4.2088797214056405e-19
9348.211,-2.547867514592417e-19,3.681612873046468e-19
9349.638,-1.3531806049298437e-18,4.463420150145962e-19
9350.637,-8.585571012709274e-19,3.8696460369893683e-19
9368.893,-7.269069639930259e-20,4.475172301475765e-19
9369.918,-6.28376298862268e-19,3.7833803653284593e-19
9371.3545,-4.897331120264301e-19,4.294855464540402e-19
9372.366,-3.0273530718030424e-19,3.5676669531317817e-19
9373.8,-4.487690381939797e-19,4.532028887246213e-19
9374.801,-6.621197882305386e-19,3.872043215933449e-19
9392.514,1.7640529188788835e-19,3.7102438036029043e-19
9393.002,-3.8179739538212213e-19,4.47446475177611e-19
9395.508,-4.091814434994945e-20,4.4603731844686025e-19
9396.521,-4.177394055976875e-21,3.6380011536170476e-19
9397.963,-2.0471624858712281e-19,4.426938486441351e-19
9398.965,-7.987917675528396e-19,3.8109969173406304e-19
9417.181,-4.060409515814524e-19,4.7270036725355405e-19
9419.662,-1.3627892894290118e-18,4.2951842706586138e-19
9419.866,2.7276595099661374e-19,3.750656391556988e-19
9420.677,-7.764199914478932e-19,3.502230543867102e-19
9422.125,-2.556281819438616e-19,4.310905979197326e-19
9423.129,4.492764373273593e-20,3.792083124211754e-19
9441.357,1.7971435692333422e-19,4.607775126522015e-19
9442.356,2.2517027308513135e-19,3.7680835456446445e-19
9443.815,-1.0585479011463359e-18,4.2167595736335874e-19
9444.831,-6.160573212415721e-19,3.5449225368488576e-19
9446.287,-2.9210038972598707e-19,4.2410793740216266e-19
9447.293,4.000879918992332e-19,3.7334407372550525e-19
9465.473,4.739674774866426e-19,4.473500929301324e-19
9466.503,-1.5163974212291976e-19,3.7430967333134154e-19
9467.463,2.411741916020261e-19,3.442460824798757e-19
9467.969,-6.5991890196236795e-19,4.245242680493179e-19
9470.449,-1.285607719077802e-18,4.106628975145537e-19
9471.457,-2.7530261245935667e-19,3.638673298683728e-19
9489.617,-2.69456366481515e-19,4.413197568403414e-19
9490.649,-6.233130869682419e-19,3.7001817628069404e-19
9492.122,-1.0355955131794887e-18,4.2214148647134595e-19
9494.611,-1.1690396268318593e-18,4.1532450431888374e-19
9494.769,-4.264321896293846e-19,4.0682446661013084e-19
9495.62,-8.904965703663918e-19,3.610203058963569e-19
9513.762,-3.035460355954362e-19,4.39624140600534e-19
9513.821,-1.5887399391168925e-18,3.513175477860372e-19
9515.428,-7.356929680286336e-19,4.326480422635579e-19
9517.296,4.0512374368045265e-19,3.679496873905111e-19
9518.774,-2.7804222956011616e-19,4.1759996369735554e-19
9519.784,-5.988245363279088e-19,3.660826514010928e-19
9537.907,-3.1156421134253648e-19,4.2733011745165087e-19
9540.1455,-1.3308740320200082e-18,3.642660678100484e-19
9541.12,-4.990862458403548e-19,4.633458024676837e-19
9541.45,1.5246100454985234e-19,3.473338261111815e-19
9542.937,5.827799522185794e-20,4.269283591319493e-19
9543.948,-1.1025258040906248e-18,3.6632134977927975e-19
9561.999,-1.0420961389018579e-18,4.359608562491971e-19
9563.088,-2.4346118594674763e-19,3.704104417794455e-19
9564.583,1.9755426330838654e-18,4.5236277099519295e-19
9565.605,-1.9744363282668466e-19,3.4452312315986865e-19
9567.099,-5.688971820019496e-19,4.0482325139969146e-19
9568.112,-7.165426827926886e-19,3.641014427778235e-19
9586.234,-8.39493056751653e-19,4.588270351119591e-19
9587.234,-3.8392167678935266e-19,3.7110154618648595e-19
9588.736,-5.4218104040131975e-19,4.120938533484944e-19
9589.761,4.337266006646901e-19,3.48976150079376e-19
9591.261,8.11909830443997e-19,4.2175166997490493e-19
9592.275,1.4074618904297284e-20,3.6412093644585027e-19
9610.342,-2.207088936703111e-19,4.391166782977718e-19
9611.38,-2.8866149691940276e-19,3.687152447442459e-19
9612.89,-1.2773278129290852e-18,4.017768699943416e-19
9613.916,7.812171708546996e-19,3.4524312953938076e-19
9615.423,-1.4130097407194954e-19,4.1159085817320407e-19
9615.865,-8.151941728187149e-19,3.6506625064872595e-19
9634.486,2.0196923180797503e-19,4.352108338537348e-19
9635.526,-3.5652248639738775e-19,3.6863099960986475e-19
9637.0,1.17555462024083e-19,4.256114675582057e-19
9638.07,5.069094158165098e-19,3.426848668348434e-19
9639.585,-4.574270121458032e-20,4.182373080606017e-19
9641.29,-9.425004794257793e-19,3.550702367509959e-19
9658.632,-6.363663940294305e-19,4.351248840762255e-19
9659.672,-4.903100744238436e-19,3.654064443409094e-19
9661.227,1.1514505771827928e-18,4.521279604360594e-19
9662.225,5.154318042470141e-19,3.4487405306576446e-19
9663.747,-1.337564512865591e-19,4.1125549758222726e-19
9664.767,-5.587283970493572e-19,3.5118422912456953e-19
9682.776,-8.155087133725357e-20,4.2968306180811323e-19
9683.818,-5.4727701198284985e-19,3.6016121560503327e-19
9685.35,-5.681124877014683e-19,4.166328888971811e-19
9686.38,-5.00130393786512e-19,3.2877971409603956e-19
9687.899,-1.5379843115713432e-19,3.445965031061087e-19
9687.909,-5.641574831861482e-19,4.150940142168637e-19
9706.922,6.969920632743699e-19,4.409654431550999e-19
9707.964,-8.980434105785268e-19,3.6787262008102924e-19
9709.503,-2.216996414741555e-19,4.2168429885194063e-19
9710.534,3.313135057202579e-20,3.409754353823e-19
9711.342,-6.454660060299134e-19,4.0559337910057423e-19
9714.266,-3.106583916680973e-19,3.493614210205456e-19
9731.066,1.7239062921306576e-19,4.425700094724286e-19
9732.11,-7.786056664989475e-19,3.698584525111598e-19
9733.656,-2.9438975062048623e-19,4.221791504525323e-19
9734.688,5.487570793528158e-19,3.415667750655472e-19
9736.7295,3.919437979103085e-19,4.269114744597978e-19
9737.258,-6.676841181708682e-19,3.56659113836294e-19
9754.224,4.0754384928775037e-19,4.485592256894196e-19
9756.257,-5.346278262940166e-19,3.653685910634582e-19
9757.81,-9.926141253468766e-19,4.192573007684076e-19
9758.844,1.3856373677697812e-19,3.41855625456181e-19
9759.66,-3.9425615741288555e-20,4.161198804579955e-19
9761.422,-1.5457642623985091e-18,3.6095768673982394e-19
9779.888,4.364655866173011e-20,5.402841826942876e-19
9780.402,-8.758893528609637e-19,3.670882383350721e-19
9781.963,-6.451148120157943e-19,4.163090656803794e-19
9782.999,-2.5250956216758214e-19,3.4165050475705705e-19
9783.92,-5.961049512627924e-19,4.870721640314047e-19
9785.586,-7.6030751212243e-19,3.836172006384858e-19
9803.501,-5.649755788513893e-19,4.357795046041791e-19
9804.549,-1.2293365173015373e-18,3.7088068348322906e-19
9806.116,-3.167969314043405e-19,4.15957125206494e-19
9807.153,-2.2856163422500725e-19,3.344600050583982e-19
9808.856,-3.0816027795191196e-19,5.302595354493303e-19
9809.749,-2.5957595086562925e-19,3.739031265689041e-19
9827.6455,-3.8239517271240287e-19,4.433569741059496e-19
9828.694,-4.935055939350411e-19,3.732486148888755e-19
9830.27,-1.2975540451741496e-19,4.129276958955844e-19
9831.309,-2.3155828271520834e-19,3.356241448267422e-19
9833.359,-2.474769182829108e-19,4.936946118894451e-19
9833.913,-6.097631596276391e-19,3.598962010654491e-19
9850.523,-1.0678613016906537e-18,4.499656989461456e-19
9852.841,2.5570535855346856e-19,3.769735401966845e-19
9854.423,1.582927289998546e-19,4.2886208792269846e-19
9855.463,1.5764979453538373e-19,3.4589105415177678e-19
9856.773,-1.194251670951085e-18,4.1902306439286423e-19
9858.076,-2.0058575565804193e-19,3.5707931522325237e-19
9876.564,-1.3508799692649247e-18,5.54154319321072e-19
9876.986,5.747725099908389e-19,3.8096727787070864e-19
9878.576,-1.4457331466459057e-19,4.3547514071243e-19
9879.617,4.286938588559462e-19,3.498494356882937e-19
9881.337,-8.979349275195566e-19,4.2615281216843716e-19
9882.24,7.410265244434816e-20,3.6671351669862415e-19
9900.08,-4.0794933165883285e-22,4.585804323534578e-19
9901.133,9.631064999421128e-20,3.847401098164428e-19
9902.7295,9.489006894494543e-20,4.337207072155548e-19
9903.771,-2.1219328463902697e-19,3.4789610824576954e-19
9904.877,-2.6416813359623497e-19,4.011344806045832e-19
9905.368,-1.2939414055998099e-18,4.183488918055519e-19
9924.225,-7.866647542649038e-19,4.562305802096557e-19
9925.279,-1.1045199386118349e-18,3.789009801805713e-19
9926.883,-2.6897371575517393e-19,4.381736200088003e-19
9927.927,-1.178450047867261e-20,3.469662664797987e-19
9929.53,-5.326682039358405e-19,4.1577643074431445e-19
9932.33,2.0693204577305148e-19,3.860225814371485e-19
9948.369,-6.269551561076606e-19,4.576397843417876e-19
9949.425,-4.845103649966595e-19,3.834024655991375e-19
9951.036,7.722364826278748e-20,4.479836319101271e-19
9952.081,-5.681701446258343e-20,3.5270396905317503e-19
9953.692,1.8433030423129807e-19,4.3041170228816118e-19
9954.73,6.560257884816373e-20,3.6665491077995493e-19
9972.515,-8.823198757140574e-19,4.637343532943474e-19
9973.571,-4.096521969324049e-19,3.812270463995948e-19
9975.189,3.782475062155045e-19,4.455138153761195e-19
9976.236,-1.3424597226553698e-19,3.4607857417836406e-19
9977.854,3.7071392275024334e-20,4.274406738883005e-19
9978.895,-6.760636659970754e-19,3.611441165198454e-19
9996.659,-7.723261785898787e-19,4.6143422474450145e-19
9997.717,-9.494691571543257e-19,3.771671413808359e-19
9999.343,4.230707754140374e-19,4.354582870963002e-19
10000.392,2.2039079776157993e-19,3.4577647009736417e-19
10002.016,-1.1227346236175554e-19,4.224717734658904e-19
10003.058,-1.1340861663498097e-18,3.5917415862234966e-19
10020.802,-6.32222774361103e-19,4.63143823293477e-19
10021.863,-5.862330258551344e-19,3.8496532171335516e-19
10023.496,6.124437648677551e-19,4.387261097375046e-19
10024.546,-4.370628509104373e-19,3.3995057184544287e-19
10026.178,1.2582626169127983e-19,4.250995558011724e-19
10027.222,-9.514132120793508e-19,3.607381788203729e-19
10044.943,1.9499765181404837e-19,4.488089418017619e-19
10046.01,2.258255989652649e-19,3.843007220587297e-19
10047.649,4.915775484296416e-19,4.372613055749134e-19
10048.7,-1.5902775187765855e-19,3.4984086658737833e-19
10050.34,9.587469694902578e-19,4.3175009942465887e-19
10051.386,-4.562676677415907e-19,3.708586255273045e-19
10069.088,-1.9610707288919285e-19,4.376050736983915e-19
10070.154,-6.233345423709575e-19,3.933317536641445e-19
10071.803,-4.738783413484359e-19,4.270957661246862e-19
10072.855,3.1533871985208904e-19,3.581865034220507e-19
10073.738,-1.0121395454707591e-19,4.305447071913106e-19
10075.549,-4.4632497424126675e-20,3.903259462091263e-19
10093.232,-7.741294153231897e-20,4.386778379022902e-19
10094.292,-8.844677030106026e-19,3.833224855888786e-19
10095.956,2.525702069117627e-19,4.459701008818664e-19
10096.146,2.7136699007024695e-19,3.5964525152940635e-19
10098.928,-4.818686221621242e-19,5.868640852199774e-19
10099.713,5.623760923945393e-19,3.8698265081432387e-19
10117.377,-3.3266366989415656e-19,4.3360512493641846e-19
10118.438,-1.376059292553863e-19,3.7722824862042497e-19
10120.108,1.1640998939394967e-20,4.534370447004876e-19
10122.475,1.4685127473458948e-19,3.5715616094214393e-19
10122.826,-4.627635224969857e-19,4.3049097331858395e-19
10122.925,4.591228413192674e-19,3.92682154370785e-19
10141.522,1.1818113485482995e-19,4.221160594805156e-19
10142.584,-1.767069693950468e-19,3.687304343739507e-19
10143.463,-2.193963674478817e-19,4.459123799968444e-19
10145.319,-1.0434087299161718e-19,3.505829826450731e-19
10146.988,4.009648296206316e-20,4.374598299008345e-19
10149.374,-2.6691872434773167e-19,4.074835178882992e-19
10165.667,-3.233566789544184e-19,4.244987125376665e-19
10166.73,-7.942120238766585e-19,3.5625392045410134e-19
10168.605,-1.1852669142360533e-19,4.731174592625241e-19
10169.475,1.563650115546839e-19,3.7020078001197604e-19
10171.15,-1.1255666819255321e-18,4.138859208717755e-19
10172.204,-9.730849025140864e-20,4.0985453848877774e-19
10189.812,-9.544266314266089e-19,4.067672467374221e-19
10190.877,-1.393959960050902e-19,3.573037963642153e-19
10192.563,-5.049707801139361e-19,4.2920338880213567e-19
10193.619,4.569728645109167e-19,3.701085174539022e-19
10195.3125,1.515640315858896e-19,4.484350903388653e-19
10196.368,-1.1144448815178632e-20,3.9835245258681926e-19
10213.957,-1.1425183005428816e-18,4.009074822766918e-19
10215.022,2.7012039652433604e-19,3.5214163063962115e-19
10216.717,-6.501684794188412e-20,4.1568076637858226e-19
10217.774,2.355980454517558e-19,3.5914668906274805e-19
10219.474,-7.180502912345383e-19,4.55954814386051e-19
10220.531,4.984533701126078e-20,3.936372544492573e-19
10238.102,9.297019472771275e-20,3.9550312290356257e-19
10239.169,-1.3769742580902343e-19,3.4456578410917847e-19
10240.87,-5.71711842650769e-19,4.1501402819203746e-19
10241.929,-1.8974507993051665e-19,3.5036488684483676e-19
10243.632,-4.999862881508172e-19,4.395125877919891e-19
10244.685,-7.551627706194978e-19,3.839301854454932e-19
10262.246,-1.2872463289132933e-18,3.7626322239300927e-19
10263.314,3.202377322863842e-20,3.4004870239648686e-19
10264.875,-6.583880732863914e-19,4.0574042095627414e-19
10266.083,-6.687525354224269e-19,3.413454345615422e-19
10267.793,-3.6281353443049116e-19,4.3169820177398443e-19
10268.849,-1.2930396941433175e-18,3.7032597917254704e-19
10286.392,-4.470471214467149e-19,3.762251286414951e-19
10287.461,-1.7184014638388372e-19,3.3054866776278115e-19
10289.224,7.000575215153562e-19,4.040138601919977e-19
10290.238,1.9232192143880238e-19,3.373447260794406e-19
10291.854,-1.9304104272445033e-19,4.2664572304843064e-19
10293.012,-9.367294625476797e-19,3.775955248048264e-19
10310.536,-8.6612131063146985e-19,3.672967898493353e-19
10311.607,-6.061191416000364e-19,3.196181454822096e-19
10313.33,-1.0109391872376174e-19,3.918730758571273e-19
10314.393,6.109322006279299e-20,3.234264195888803e-19
10316.139,-9.93642166057067e-19,4.108512865927999e-19
10317.176,-7.909273300179371e-19,3.6579042685621986e-19
10334.681,1.4800392886847892e-20,3.648293367797386e-19
10335.753,-8.777226578010884e-20,3.1519871708861196e-19
10337.482,-9.59701154148669e-20,3.8218837691940814e-19
10338.547,1.2995042224322415e-19,3.1955201647729706e-19
10340.278,-5.351599285958525e-19,4.0894158541160687e-19
10341.34,-4.939307687560977e-19,3.5706356781765795e-19
10358.825,-9.108853243853161e-20,3.5789155809587524e-19
10359.899,-1.3867730380292416e-19,3.093492385209087e-19
10361.636,-3.917928112505507e-19,3.7490929523958685e-19
10362.702,2.8562410364094433e-19,3.2226064289833775e-19
10364.44,2.1131716519053156e-19,3.977920980065236e-19
10365.503,-6.865327981699396e-19,3.4648787603210556e-19
10382.97,-1.5696838135896654e-19,3.634796632515739e-19
10384.045,-2.2705682271078564e-20,3.118650750334791e-19
10385.789,6.638633250263874e-19,3.79712405832175e-19
10386.857,-1.0489350974670235e-19,3.1524816741632443e-19
10388.603,-1.1256753751081002e-19,4.0000991472879147e-19
10389.666,-7.54942635624404e-19,3.4171928336378617e-19
10407.115,-6.674989580085592e-19,3.441420257741113e-19
10408.191,-2.734904002614812e-19,3.0695633472540796e-19
10409.942,3.689374424917773e-19,3.7164127367320067e-19
10411.012,6.524156936399847e-20,3.0805644765319838e-19
10412.765,-6.761465539587493e-19,3.9336180995278347e-19
10413.83,-9.224316477833076e-20,3.458052372162668e-19
10431.26,-3.924159131594309e-19,3.469494471325458e-19
10432.337,-5.873429032903809e-19,3.016611526777415e-19
10434.096,-5.006963030471252e-19,3.638540508449847e-19
10435.166,2.7675141849289026e-19,3.096484237556959e-19
10436.1875,-1.5334560866068233e-18,3.75211341665103e-19
10437.994,-1.298526173082007e-19,3.3412611518606225e-19
10455.404,-2.0689283992024036e-19,3.4317366390444793e-19
10456.483,-1.2610092533148631e-19,2.9913890692399097e-19
10458.249,-4.568427860808909e-19,3.527555013668764e-19
10459.321,1.1239727453406836e-19,3.006470210448209e-19
10461.423,-1.007669624913638e-18,4.72031131791979e-19
10462.157,-1.538428983252087e-19,3.2773943868296135e-19
10479.55,-6.153971813367416e-19,3.3922252070049163e-19
10480.63,1.1625463669870186e-21,2.9470061941081614e-19
10482.1,3.4026907714914813e-19,3.265273542854671e-19
10482.402,-7.13509403574225e-19,3.478161700930424e-19
10485.25,-1.0433882357357508e-18,3.800304488653461e-19
10486.321000000002,-1.026849845010733e-18,3.2234803790351197e-19
10503.694,-7.671783341676672e-19,3.3597063507065135e-19
10504.775,-4.901538905375397e-19,2.907266059001939e-19
10506.556,9.694604510788358e-19,3.571143165111014e-19
10509.272,6.191433329147683e-19,3.107595330288183e-19
10509.412,-7.253599564297793e-19,3.7307363023821483e-19
10510.484,-8.908705318366835e-19,3.198253265300331e-19
10527.84,-4.606749791560501e-19,3.32128893160852e-19
10528.922,-5.054065969310804e-19,2.9012683220610774e-19
10530.709,5.154905886127605e-19,3.4656898676784416e-19
10531.784,4.673154291769213e-19,2.994677037953129e-19
10533.574,2.3199566055456084e-19,3.736611319862558e-19
10534.648,-2.721283331303724e-19,3.2122376480469723e-19
10551.984,-4.923691398478138e-19,3.330245075017821e-19
10552.988,-1.3703960477748874e-19,2.9645994608822422e-19
10554.862,-3.2045771813071894e-19,3.454590706056669e-19
10555.938999999997,-1.0670077175530373e-20,2.868749594117913e-19
10557.736,-1.4189080096822695e-19,3.6695426962616107e-19
10558.812,-4.2898458202578543e-19,3.1753694342422952e-19
10576.13,-4.028426985467282e-19,3.2918628506954235e-19
10577.31,5.575633264961966e-19,2.9124075050281705e-19
10579.016,-3.0831876345480503e-19,3.4312397725088484e-19
10580.095,-3.824537231428066e-20,2.879340225588633e-19
10581.898,-4.454063298936326e-19,3.651520950575529e-19
10582.976,-7.870491790580369e-19,3.1042031586635553e-19
10600.274,-1.2487098377488034e-18,3.2625743118572555e-19
10601.36,7.521933584385635e-19,3.2051382432863016e-19
10602.488,-4.472695593873314e-19,3.3762074060915612e-19
10604.249,2.309032037686593e-19,2.8179301598536873e-19
10606.061000000003,-3.707352536556042e-19,3.5904831492364897e-19
10607.139,-4.744069510045374e-19,3.0702849301020053e-19
10624.419,-4.0985915085829035e-19,3.2812702753748606e-19
10625.506,3.2740055518141527e-19,3.204644859212561e-19
10627.723999999998,-3.93556694301296e-20,3.5574129430580084e-19
10628.404,2.7125286338612705e-19,2.806613615178481e-19
10630.223,-6.801497504974014e-19,3.564264732614595e-19
10631.303,-5.099794952655552e-19,2.996010040220849e-19
10648.563999999997,-7.990293958767341e-19,3.1497181150270297e-19
10649.652,2.7125304836989607e-19,2.856999552583966e-19
10651.476,2.9391530698916955e-19,3.256774956004959e-19
10652.559,4.0603998848836863e-19,2.776337725810265e-19
10654.385,-3.809094546641475e-19,3.477388952008711e-19
10655.466,-5.952423571172561e-19,2.994101322662945e-19
10672.709,-1.0695182896724817e-19,3.134282393196366e-19
10673.799,-4.693445839050568e-19,2.679151693336582e-19
10675.629,-4.914419999042437e-19,3.1825139815189383e-19
10676.713,3.8694103566083023e-19,2.745680537490327e-19
10678.547,-2.1603195576208237e-19,3.4068581536135146e-19
10679.63,-8.691393181813753e-19,2.888797657244746e-19
10696.8545,5.37009739688165e-19,3.1433058471597837e-19
10697.945,-4.3222284955413484e-19,2.6623253576209866e-19
10699.782,-1.485542809599824e-19,3.1642587436945033e-19
10700.868,3.4993191307174525e-19,2.7060167297383934e-19
10702.708,-5.307189651044257e-19,3.3560205023310577e-19
10703.793,-9.836059491373824e-19,2.8346596066710176e-19
10720.139,-1.1362616440221436e-18,2.9838348933028792e-19
10722.091,-7.463287697337871e-20,2.662979640041371e-19
10723.936000000003,2.5646986254645373e-19,3.1949249404575976e-19
10725.022,1.8663754570529073e-19,2.659595059164868e-19
10726.87,-1.078081007064003e-18,3.2879620938208705e-19
10727.957,-5.505102587665079e-19,2.831663093062397e-19
10745.868,-5.007907934206543e-19,2.949214161750534e-19
10746.237,-5.176861777563306e-19,2.674706225758021e-19
10748.089,-3.4932550249021265e-19,3.1084324826953186e-19
10749.178,4.920404025838444e-19,2.649805998324307e-19
10751.032,-9.644524402697241e-19,3.228675199908923e-19
10752.121,1.946442551468583e-21,2.9239744201711353e-19
10769.29,-5.591529395981787e-19,3.0702119274536134e-19
10770.383999999998,-5.6192589855108945e-19,2.673861885185849e-19
10772.243,-5.126081351808488e-19,3.0492233139159657e-19
10773.333,2.3406645697960073e-19,2.591110726485203e-19
10775.195,-4.594172800673805e-19,3.2833943633035528e-19
10776.284,-4.093514541735114e-19,2.8066237626482695e-19
10793.435,-9.77590989187283e-19,2.9876905587156387e-19
10794.53,-1.0551371595086444e-19,2.6115024714405194e-19
10796.396,-7.82304388032633e-19,2.988950200280146e-19
10797.487,-2.7009790558345464e-19,2.549343835259882e-19
10799.357,-5.08249417378269e-19,3.216932010612156e-19
10800.448,-8.390124926337082e-19,2.722368253246322e-19
10817.58,-3.7539856722125613e-19,3.0289798441686663e-19
10818.676,-1.208950946245845e-19,2.591189496370609e-19
10820.55,8.106627677369523e-20,3.120396223246689e-19
10821.643,1.2457682308396506e-20,2.5575835707151725e-19
10823.518999999998,-3.4834460314299997e-19,3.1743310628511757e-19
10824.612,-3.328057482527881e-19,2.7437512521528803e-19
10841.725,-3.4379463895008627e-19,2.9449360921285246e-19
10841.928999999998,8.12870340931263e-20,2.5346829804296706e-19
10844.703,-5.065662876354031e-19,3.1302849141370794e-19
10845.119,5.64166349805064e-20,2.541948921305157e-19
10847.681,-6.831973569143228e-19,3.081619993189682e-19
10848.775,-1.2725295729107643e-19,2.7270968314454505e-19
10865.87,-3.733090388364494e-19,2.9869451376648194e-19
10868.038,-2.242379673859308e-20,2.5187524683299226e-19
10868.857,-9.068570153863379e-19,2.9875498108366165e-19
10869.893,-5.199459207817662e-19,2.5215976385105084e-19
10871.844,-9.949447816089423e-19,3.0495228367020957e-19
10872.267,-5.338523321787851e-19,2.6692525623012583e-19
10890.016,-9.709374945484892e-19,2.955952130214861e-19
10891.115,-1.5117725799549277e-19,2.5415330448866153e-19
10893.011,-8.966670010417408e-19,2.9924587044080364e-19
10895.229,-3.381270951113921e-19,2.4738715092825043e-19
10896.006,-5.322947791939276e-19,3.1047106085184537e-19
10897.861,-4.514076095910935e-19,2.6719731837059898e-19
10914.16,-7.53380696060281e-19,2.9714695608479814e-19
10915.262,-4.3215379399183135e-19,2.5166058104055685e-19
10917.164,-1.2156630590648734e-18,2.947480591597925e-19
10918.262,-2.4839927033481826e-19,2.4506638237479275e-19
10920.168,-1.0758773359882653e-18,2.994171658489981e-19
10921.267,-2.1755632645981725e-19,2.64686821116427e-19
10938.306,-1.0197189667180395e-18,3.036990036221084e-19
10939.408,-9.749134364631627e-19,2.4739242998594283e-19
10941.317,-4.633157478499167e-19,2.9139059999745618e-19
10942.417,2.025800055897504e-19,2.446491990997506e-19
10944.33,-2.929551147165678e-19,3.054818902767814e-19
10945.431,-6.193074158629138e-19,2.6027262161356843e-19
10962.444,-5.85582259239872e-19,3.0106345344812514e-19
10963.555,-7.145996472896057e-19,2.496589885661336e-19
10965.472,8.341479203632111e-20,2.956182138238324e-19
10965.799,8.897567383448658e-20,2.414950483169597e-19
10968.492,-7.018592449827869e-19,3.0215394972118314e-19
10969.595,-7.601574468439522e-19,2.589617187637895e-19
10986.585,-1.0481836690745485e-20,2.996857822931614e-19
10987.7,-2.110618508466025e-19,2.5122817562e-19
10989.625,-2.95747242419736e-19,3.0023975573594756e-19
10991.606000000002,-6.098172277801061e-19,2.458241427390636e-19
10991.912,-6.262560729184574e-19,3.0630875276687933e-19
10993.758999999998,-4.596457814415098e-19,2.614158867327223e-19
11010.167,-8.438598189517361e-19,2.9487346479248766e-19
11011.847,-5.617508471951205e-19,2.446340769838463e-19
11013.778,-8.248047646726456e-19,2.9670892214111964e-19
11014.882,-1.2455491279203907e-19,2.4910666436217746e-19
11017.502,-1.2670484856421003e-18,3.140241936839334e-19
11017.923,-1.8364891608866636e-19,2.600519738592258e-19
11035.258999999998,-7.162422279123919e-19,2.8994286927835257e-19
11035.97,-7.22017574542271e-19,2.48936380063663e-19
11037.489,-1.2375344606122067e-18,2.9576558756857376e-19
11039.037,3.073838073910609e-19,2.4912797873632146e-19
11040.9795,-8.091326561850765e-19,2.9574443158638147e-19
11042.086,-4.669721105095182e-19,2.58387676742436e-19
11059.0205,-2.3237101805133412e-20,2.926110897825846e-19
11060.126,-4.851396832660068e-19,2.519890210547139e-19
11062.362,-1.2356597634281559e-18,2.8246932550729924e-19
11063.191,-2.398896824744142e-19,2.3208195116627164e-19
11065.142,-3.866150798043584e-19,2.991752589147085e-19
11066.25,-6.071978739825348e-19,2.5861418390235783e-19
11083.165,-6.337107614601697e-20,2.9378302084199472e-19
11084.267,-7.200529527164302e-19,2.474722842726812e-19
11086.2295,-7.504404309175184e-19,2.995412962714586e-19
11087.347,2.3091603664040225e-19,2.442474055142161e-19
11089.303999999998,4.2675613302054003e-19,3.0209428204566147e-19
11090.414,-4.966909098817603e-19,2.592086735060994e-19
11107.311000000003,-4.706969163615198e-19,2.918355399183374e-19
11108.413,-6.217543172648062e-19,2.484532308098197e-19
11110.383,-8.28019055896237e-19,2.9383715075448736e-19
11111.501,4.07810181791634e-19,2.4440939177825146e-19
11113.466,-7.345821310936299e-19,2.969063257762719e-19
11114.578,-1.0130931971162387e-18,2.550525209372046e-19
11131.455,-5.069981986233625e-19,2.9230549890608497e-19
11132.56,-3.745584273098233e-19,2.4930784329698114e-19
11134.536,-3.8202394274430347e-19,2.894606222362908e-19
11135.643,3.674949489499136e-19,2.428881152910243e-19
11137.629,-1.1111208641497385e-18,2.884949483490403e-19
11138.742,-1.179584964165675e-18,2.5999235254003204e-19
11155.601,-3.9187098872337084e-19,2.9066498423782265e-19
11156.706,-8.742954539206534e-20,2.4860821458417516e-19
11158.69,8.636260817388504e-20,3.0328447317082854e-19
11159.792,-5.047111335260359e-20,2.3723702185846494e-19
11161.788,-5.754133705945194e-19,2.949261321974788e-19
11162.906,-8.728118753121692e-19,2.5805067261202747e-19
11177.067,-6.781800441527306e-19,2.4953671784222215e-19
11179.745,-7.908839488370525e-19,2.907025364282209e-19
11180.667,-7.276763921132484e-19,2.1541570566558053e-19
11180.853,-2.5172018872590895e-19,2.472610026310702e-19
11182.716,-5.563125736930589e-19,2.8018200569618446e-19
11182.844,1.9201664803087642e-20,3.0112489770344836e-19
11183.947,-7.547621974899187e-20,2.404207197590786e-19
11185.184,-5.706413882909407e-19,2.9509424901153503e-19
11185.944,-1.005498449822864e-18,2.8966720976484165e-19
11186.497,-1.6149301062845672e-19,2.270129863731908e-19
11187.058,-1.951387015224477e-18,2.721423667574402e-19
11187.649,-7.136270712209366e-19,3.4336993906171943e-19
11203.891,-4.24220311426773e-19,2.948165303590341e-19
11204.999,-8.632103839406534e-19,2.48063458870909e-19
11206.997,-8.89525613153019e-19,2.9058493713287096e-19
11208.103,1.6919277006536024e-19,2.455924438436915e-19
11210.106000000002,-6.470166416906488e-19,2.9267766508721436e-19
11211.214,-1.3832937162272162e-18,2.682323382926448e-19
11227.686000000003,-2.2004742447501555e-19,2.7774647884095185e-19
11228.035,-1.0612102355173662e-19,2.9747273129380267e-19
11228.478,-8.270272607986951e-19,2.0924288855740777e-19
11229.1455,-1.1492022942043632e-18,2.533652138291345e-19
11231.15,-1.1836820724801852e-18,2.823681281159956e-19
11231.221,-4.433211083282333e-19,2.835548823731027e-19
11232.257,2.6777159876984822e-19,2.4545444386675607e-19
11232.556,-2.625241892068788e-19,2.1888240843399687e-19
11233.717,-8.452263253763702e-19,3.356687691413148e-19
11234.268999999998,-9.701931499079279e-19,2.908543134999297e-19
11235.377,-8.50530247621063e-20,2.567332214882338e-19
11236.896,-3.5537547218730697e-19,2.357371965218517e-19
11252.181,-3.4021282870232413e-19,2.973037657694283e-19
11253.291,-7.453450016887152e-19,2.516213638552435e-19
11255.305,-4.0645130756259364e-19,2.922227878696395e-19
11256.412,5.434873696701603e-19,2.422013268013303e-19
11258.432,-1.0933866806702487e-18,2.890377731611683e-19
11259.541,-3.575128578269273e-19,2.536460831542306e-19
11273.558,-6.894930660748684e-19,2.0414033464061583e-19
11275.447,1.465274738655586e-19,2.8943260551250486e-19
11276.088,1.841670480473529e-20,2.067017628784864e-19
11276.326,-7.876343676989797e-19,2.9686830920940737e-19
11277.257,-7.08553908551064e-20,2.8057032269549475e-19
11277.4375,1.6588216092482348e-20,2.5403192220320013e-19
11278.614,-6.42080920496481e-19,2.1344808638756035e-19
11279.458,-6.638812521146431e-19,2.8611448964913e-19
11279.784,-3.911574779811288e-19,3.256581535305199e-19
11280.566,-9.671919578337997e-20,2.389645791544056e-19
11282.594,-8.80897214583464e-19,2.9262658526771953e-19
11283.705,-7.382834536898899e-19,2.5257205466481323e-19
11319.553,-9.907715858670262e-20,1.9833715632359075e-19
11320.73,-1.0826683372528211e-19,2.5864204409426023e-19
11322.115,-1.1457509117130196e-19,2.0014729056675503e-19
11323.293,-2.8855041120948636e-19,2.7175673032281425e-19
11324.673,-2.5624832213468457e-19,2.0906029324024797e-19
11325.852,-1.076505262414914e-18,3.192749660983437e-19
11365.549,3.217992338609672e-20,1.9321736157328187e-19
11365.686000000003,-4.305080696936487e-19,2.524314360885696e-19
11368.073,-2.3232882308262365e-19,1.9906356694215805e-19
11369.329,-9.456190033578958e-19,2.6649350495580186e-19
11370.73,7.247184058398412e-20,2.0311543086586107e-19
11371.919,-1.6785793341701539e-19,3.115912698951922e-19
11411.544,-2.272765621885595e-19,1.8934296158102181e-19
11413.516,5.579514336506865e-21,2.6560617891681406e-19
11414.24,-1.0658045834491494e-19,1.9347299334253188e-19
11415.366000000002,-1.269427290630702e-18,2.6928398714867633e-19
11416.789,-6.973340934419248e-20,1.985367273415085e-19
11417.986,8.971401064721697e-20,3.1027691584113074e-19
11457.54,-4.704025123526729e-19,1.8466196769194546e-19
11458.746,-7.25455469048692e-19,2.464861344288716e-19
11460.197,-2.345036154231328e-19,1.8759794329002927e-19
11461.018,-2.306021942532669e-19,2.0618988169131466e-19
11461.402,-1.0129436645136064e-18,2.637491068769503e-19
11464.053999999998,-5.627315340992408e-19,2.9441564152000097e-19
11503.536,-7.385474883311454e-20,1.8273703877225644e-19
11504.752,-2.3899565421402203e-19,2.4055053000974977e-19
11506.225,-4.083314598507715e-19,1.8482383563673768e-19
11507.438,-1.4919306355530834e-18,2.6171560948111246e-19
11510.122,-3.608262586788338e-19,2.89137078767121e-19
11510.797,-1.6955862253523915e-19,2.012903695462297e-19
11549.531,-4.279869446171651e-19,1.8121420855512604e-19
11550.757,-1.350600865245355e-19,2.3560486618044177e-19
11552.251,-2.1002907685765891e-19,1.8353224184377362e-19
11552.718,-7.006782020097184e-19,2.5912331006600595e-19
11554.965,-3.6045223130516013e-19,1.88434391247836e-19
11556.188999999997,8.673052159964688e-19,2.9811086606893737e-19
11595.527,-5.127650263164631e-19,1.7738547975569492e-19
11596.762,-1.604937318562668e-19,2.3524678828408775e-19
11598.279,-8.208933104509393e-21,1.814858306005402e-19
11598.481000000002,-6.577162133953528e-19,2.7787921779016174e-19
11601.022,-4.922557751826514e-19,1.8546892165967925e-19
11602.257,3.0980562846982903e-19,2.876969340753668e-19
11641.523,-2.474753809890428e-19,1.740216348538535e-19
11642.767,-9.091783333931375e-19,2.2826188650349197e-19
11644.306,1.4522716401361506e-19,1.7851496942424447e-19
11646.326,-4.694093429728186e-19,2.7375644295707428e-19
11647.081,-7.908118450828121e-19,1.8225006008976669e-19
11648.324,-5.430046356033683e-20,2.814801793883936e-19
11687.518999999998,-2.424415793682627e-19,1.7173161769954683e-19
11688.772,-5.000646133304955e-19,2.2549899302998093e-19
11690.333,-1.8955626786882804e-19,1.7260116184845267e-19
11691.584,-9.875783650441366e-20,2.326622441725311e-19
11693.14,-8.678530366919582e-19,1.7675624543371447e-19
11694.378,-2.3627146129744966e-19,2.757173056505098e-19
11733.515,-3.116064786638632e-19,1.6705484127174888e-19
11734.777,1.5832465646292177e-19,2.1974196061799866e-19
11736.36,-2.7441202527768273e-19,1.6682476880040037e-19
11737.621,3.787793210112685e-19,2.2856119359945124e-19
11739.198,-6.462120857181992e-19,1.7131383203585167e-19
11740.471,-3.4448444742803185e-19,2.7779713528047897e-19
11779.51,-1.6366656036589636e-19,1.6352672152410826e-19
11780.782,4.0263390867500454e-19,2.136206008058581e-19
11782.388,-3.501448691668339e-19,1.617516970849829e-19
11783.657,1.2968794415043431e-20,2.2145867812131935e-19
11785.257,-1.432346210020195e-19,1.6827811729850141e-19
11786.526000000002,-7.961302887828444e-19,2.6144211384422876e-19
11821.129,3.357854217517062e-20,1.583009235262188e-19
11826.788,1.4069722035542182e-19,2.0791041530341398e-19
11828.415,-4.7842200370056195e-19,1.5907682720662628e-19
11829.694,-1.2825929937347236e-19,2.1506103225452572e-19
11831.313999999997,1.8971934923616213e-19,1.6451513555005403e-19
11832.594,-5.18216216751024e-19,2.511110971134405e-19
11872.793,-1.2409413462608377e-19,2.0403703067643766e-19
11874.442,2.0011639752879098e-20,1.5756170328587139e-19
11875.73,-4.952571953266464e-19,2.0888424400312864e-19
11875.941,-2.299575793215949e-19,1.5599100514718542e-19
11877.373,-1.5209183602263133e-20,1.6073499319495628e-19
11878.662,-5.844284423263942e-20,2.4980949523507444e-19
11916.456,1.722252517419355e-19,1.6194484535650098e-19
11917.497,-9.505687902391402e-20,1.540725790959223e-19
11918.798,2.325670161936536e-19,2.0124612972730536e-19
11921.767,6.546742582055756e-20,2.0835598131023932e-19
11923.432,-9.952116090452202e-20,1.5691919901067674e-19
11924.729,-3.386274375409826e-19,2.3749249962011845e-19
11963.492,-8.704226667400145e-20,1.5345654135371772e-19
11964.803,-6.630326805611098e-19,2.0091442542064944e-19
11967.803,-1.6008482823988274e-19,2.0104346054941754e-19
11969.49,1.5075188996054887e-21,1.538305282211241e-19
11970.541,8.221835906632224e-19,1.618907249612898e-19
11970.797,-2.1198652514334218e-20,2.3844940515713984e-19
12009.488,-3.941585813655588e-19,1.5036972116552037e-19
12010.808,1.0701880189082115e-19,1.9629399906454567e-19
12012.523,4.096347155632635e-19,1.5056545082269429e-19
12013.84,-3.574559525143739e-19,2.0020382408886019e-19
12015.549,4.124542706556837e-20,1.5220737370580643e-19
12016.864,-5.188079805799489e-19,2.3597207890523535e-19
12055.483,-2.4091388703380735e-19,1.500659677594956e-19
12056.8125,4.1534401684411797e-19,1.956513996834196e-19
12057.702,1.5765256347308156e-19,1.5700571449071992e-19
12058.551,-9.809943219443945e-20,1.469576792207465e-19
12059.876,-1.3486119701662982e-19,1.9510896069701493e-19
12062.932,-4.870247517823512e-19,2.296552614564631e-19
12101.4795,-1.6955319499454535e-19,1.5242278448545282e-19
12102.818,4.851825287512066e-19,1.9436051706782878e-19
12104.578,-1.5379956361635848e-19,1.4555776647393478e-19
12105.912,-2.980028912610406e-19,1.948506961728515e-19
12108.999,-5.3785947260436546e-20,2.279356689952322e-19
12111.555,-2.6487548262314387e-20,1.5406329547455012e-19
12147.475,-4.949248784410114e-20,1.4946897272016645e-19
12148.823,8.68152018004954e-20,1.9253745325291564e-19
12150.6045,-4.701043968680931e-19,1.4386762510218411e-19
12151.949,-3.1942591558042845e-20,1.9394610846903869e-19
12153.753,-3.3322904993485773e-19,1.460504382716227e-19
12155.066,-3.8861970150607223e-19,2.270237374534909e-19
12193.471,-2.5723505255658133e-19,1.4806983518362064e-19
12194.828,6.812332505973002e-20,1.8907071522425726e-19
12195.168,-5.483577935695986e-19,1.4345687700408063e-19
12196.632,-1.3036240512481335e-19,1.441500972141546e-19
12197.985,-2.7172947321821657e-19,1.899772770796492e-19
12201.133999999998,-3.02215998312391e-19,2.1618135407541976e-19
12239.442,-3.84202642175594e-19,1.4583423012328275e-19
12240.833,-1.130776161948306e-19,1.8821080335163288e-19
12242.659,1.9249057967157499e-19,1.4375464578946396e-19
12244.021,3.264965540088414e-19,1.9553730670848763e-19
12247.202,1.32241280176678e-19,2.1517668056891499e-19
12250.475,-3.960935835773547e-19,1.4285446295512342e-19
12285.437,-2.7264851358875017e-19,1.46579701285888e-19
12286.839,2.6863605434117255e-19,1.905870148637984e-19
12288.687,6.367404167322932e-20,1.4103410914568927e-19
12290.059,-2.6387073944134237e-19,1.9120792577871613e-19
12291.877,-1.2784453168468295e-19,1.4282811233361912e-19
12293.27,-4.044170660534142e-20,2.1335418747356722e-19
12331.433,-1.9388170539498362e-19,1.4466170250479526e-19
12332.288,4.343762563512015e-19,1.9039532522167463e-19
12334.714,-6.870396146321465e-20,1.404290578669052e-19
12336.095,-3.2243926653965996e-21,1.8976469276460707e-19
12337.979,-1.3465562024516534e-19,1.4127594418878096e-19
12339.336,-3.8688626478177373e-19,2.097729409538718e-19
12377.428,1.1631095095266163e-19,1.4351253032204275e-19
12379.371,2.9578215553496133e-19,1.9642191819437445e-19
12380.74,1.1837018118028947e-19,1.4014372798128885e-19
12382.131,5.175058445435985e-19,1.8870330955178264e-19
12384.016,-1.972394085671477e-19,1.3860214082837807e-19
12385.404,3.247710020307834e-19,2.10428462075008e-19
12423.424,3.6736082411256185e-19,1.4363525810344832e-19
12424.847,4.044162348590267e-19,1.8514958579093775e-19
12426.768,3.270901598385793e-19,1.3961049424373457e-19
12428.168,5.030291604376837e-20,1.8488832266270072e-19
12430.073,-1.673416302167262e-19,1.4008132387869954e-19
12431.152,-4.831380179863928e-20,2.078111098502997e-19
12469.419,-1.8081811750311178e-19,1.4126339236355714e-19
12470.426,2.485052131739487e-19,1.8271975160388832e-19
12472.795,2.2670165081993747e-20,1.390617380155888e-19
12474.204,1.6484380435023626e-19,1.8560082187348608e-19
12476.132,-5.9424423355861345e-19,1.389976258265068e-19
12477.845,-2.204091304055316e-19,2.1740652516193335e-19
12515.415,-4.496364506618102e-19,1.402822252599742e-19
12517.228,9.157450309170231e-20,1.8644869176750556e-19
12518.81,8.686853565871623e-20,1.3880504130727715e-19
12520.24,1.533581924111114e-19,1.839591754168772e-19
12522.19,-3.8572950062570117e-19,1.372531483379012e-19
12523.606000000002,2.3721796586586634e-19,2.0802306143860547e-19
12561.41,-3.7164115143813215e-20,1.4081383541123132e-19
12562.861,4.060110744844382e-20,1.8282489714216431e-19
12564.823,-1.0002692487691086e-19,1.4020425722522403e-19
12566.276000000002,3.9614254651571294e-20,1.8598440378352336e-19
12568.248,3.5445180578694074e-19,1.3749389202394307e-19
12569.674,-1.866439527617114e-20,2.0709883011475611e-19
12607.406,2.743046172850609e-19,1.4279426048397622e-19
12608.867,4.885745793089586e-20,1.8396985451805283e-19
12610.851,-2.8335060199839724e-19,1.408427709742993e-19
12612.3125,-1.6780578452725807e-19,1.8461864990373372e-19
12614.307,-1.0594245806900013e-19,1.3519732577340185e-19
12615.741000000002,-2.2507412127863157e-19,2.1361135357195321e-19
12653.401000000002,1.7535072771477392e-20,1.416073936337811e-19
12654.872,6.099609835007537e-20,1.8264586432981064e-19
12656.878,1.964512426541604e-21,1.3960661691781431e-19
12658.344,-2.542152650706414e-19,1.838471512805497e-19
12660.365,-9.684277248265398e-20,1.3527531600074187e-19
12661.81,2.1468617516685431e-19,2.068387409640291e-19
12697.655,-4.350855955062644e-19,1.4026150951213706e-19
12700.877,-1.803732013142726e-19,1.8004049303108441e-19
12702.905,3.477710796620627e-20,1.3714755414068966e-19
12704.381,3.583321419385937e-19,1.8327100486641183e-19
12706.423,3.6602368703786286e-19,1.3700699701743984e-19
12707.876,1.870845286540676e-19,2.062757920948623e-19
12746.877,1.8168017734136426e-19,1.802075617303031e-19
12747.18,2.3696926898916014e-19,1.4003113700507327e-19
12748.932,-1.350284692821256e-19,1.3598837387241533e-19
12750.417,1.5024783745456358e-19,1.8138747843906065e-19
12750.771,2.0470011998137453e-19,1.3443185055549204e-19
12753.944,-4.854732117121533e-19,1.9974147393245331e-19
12791.389,3.2026138098508213e-19,1.3951368795566392e-19
12792.893999999998,-1.560857515913589e-19,1.878567059396501e-19
12794.959,1.1992410313833633e-19,1.3606667631285399e-19
12796.453,1.8719470904055101e-19,1.7948444028284806e-19
12798.701,1.3933920099090994e-19,1.3642202551707293e-19
12800.008999999998,-3.272444849975266e-20,2.0166141666664266e-19
12837.385,-6.569120675035121e-19,1.4139151697467989e-19
12838.893,-1.016429189699771e-19,1.775328002526934e-19
12840.986,2.154194373685861e-19,1.3463749905317796e-19
12842.49,2.370943442632133e-19,1.7891013851510942e-19
12846.075,1.0968045049132252e-19,1.992449774318963e-19
12846.1875,1.726899152575002e-19,1.3212265052599065e-19
12883.38,-5.090495615886443e-19,1.4348395645173945e-19
12884.898,-9.998862301291407e-20,1.7755328785679637e-19
12887.014,-1.4691891586431624e-19,1.3586609704156356e-19
12887.729,9.094965792149512e-20,1.7707498253485754e-19
12890.631,2.757208038779139e-19,1.3304846829784135e-19
12892.143,1.2284560377359873e-19,2.0008273219221263e-19
12929.376,1.6047461845822322e-20,1.4081754332148094e-19
12930.903,-1.2726108079644423e-19,1.7875032441525335e-19
12933.041,-1.9187748191040992e-19,1.3650320736371976e-19
12935.278,1.2865114045208446e-19,1.794359256143341e-19
12936.688999999997,-1.7792564381899454e-19,1.3380817218666349e-19
12938.211,-1.9981896875614906e-19,1.9736807896892997e-19
12975.372,1.2955485216133247e-19,1.3870598071214486e-19
12976.908,8.006174066492458e-20,1.7956340545600868e-19
12979.068,1.6391337542881187e-21,1.335407472986068e-19
12980.6,4.1174275204305087e-19,1.769996899716986e-19
12982.747,-3.5365170741675467e-19,1.321437289208603e-19
12984.278,-7.182984276270585e-20,1.947986686824117e-19
13021.368,5.838341027781284e-20,1.3710897982828223e-19
13022.913,-3.4382651215214125e-19,1.7638275485740765e-19
13025.096,5.992247731750983e-20,1.3094901345938332e-19
13026.322,3.5985023674171677e-19,1.7684440884546994e-19
13028.806,-1.5706316369920695e-19,1.2822689997159475e-19
13030.069,3.35721330364143e-19,1.9551585478570524e-19
13063.1,1.622076135292982e-20,1.29989780310079e-19
13068.919,-2.916744593701929e-19,1.7523503007600482e-19
13071.123,1.1058763550302408e-19,1.3056782720866058e-19
13072.926,-7.432466620178486e-19,1.8732874144577115e-19
13074.864,3.2779576457040225e-20,1.2741137697764639e-19
13076.673,5.252994612863891e-19,2.0017180784628297e-19
13114.924,5.707254205024396e-19,1.775983709756963e-19
13117.149,2.1193013312272814e-19,1.3096448403510018e-19
13117.701,-1.0608349034437062e-19,1.318565772062164e-19
13118.709,-1.9812128790692963e-19,1.7176076841910092e-19
13120.923,2.0831588489175375e-19,1.281115054816224e-19
13122.48,2.0677304321297555e-19,1.9200867193719482e-19
13159.3545,1.7558358211026964e-19,1.3582912361992248e-19
13160.928999999998,2.0053461589992324e-19,1.7362247859882353e-19
13163.177,1.9522010273407455e-19,1.2975694345249797e-19
13164.745,9.340215376365629e-20,1.7241791692790586e-19
13166.98,1.0510588897385658e-19,1.276968452513949e-19
13168.548,3.1804777778548616e-19,1.9273991597341698e-19
13205.351,3.230495244770826e-19,1.3728529638135509e-19
13206.935,-1.6337799195182232e-19,1.7266835598793373e-19
13209.204,3.674944844934118e-19,1.3470069980860486e-19
13210.782,3.5296816770684775e-19,1.7055575526196035e-19
13213.039,1.7214693007377084e-19,1.2633837602391074e-19
13214.616000000002,5.56346225181882e-20,1.9063223992767783e-19
13251.347,4.9046680131402904e-20,1.382510576050692e-19
13252.938999999997,-4.256334948505429e-20,1.7113400173439812e-19
13255.231000000002,6.024171565697761e-19,1.3860497771545754e-19
13256.818,-2.9034262491418335e-20,1.693680546546828e-19
13259.098,2.5761196616972184e-19,1.2559996548253533e-19
13260.515,4.2002091460432456e-19,1.901478476910793e-19
13297.342,-2.409147681788385e-19,1.363223916128121e-19
13298.944,2.1344209061936678e-19,1.7443427152101997e-19
13301.258999999998,4.0264579901842347e-19,1.3309716168741993e-19
13302.8545,-6.024576344567526e-19,1.7089177926222556e-19
13305.156,2.4979279701269767e-19,1.2647712856365815e-19
13306.742,8.555800010280787e-20,1.9445929003926063e-19
13343.338,-8.608929109089098e-19,1.4067558241458155e-19
13344.95,-2.979548979607458e-20,1.7487570797555141e-19
13347.286,6.117876329094566e-20,1.2932211993534603e-19
13348.892,2.258654132876848e-19,1.7216620272839538e-19
13351.215,1.8378114030781496e-19,1.2543159473019974e-19
13352.81,3.086114858313488e-19,1.9888928193894454e-19
13389.334,-5.698059466073682e-19,1.4118935352861474e-19
13390.955,-3.5646554903352954e-19,1.7455837098965268e-19
13393.313,-1.680101370944291e-19,1.2891111468041234e-19
13394.928,-1.5749850205110741e-19,1.6794709981968285e-19
13395.451,-1.3107638410265943e-19,1.2326370679131556e-19
13399.017,2.490366422123158e-19,1.9716690438312906e-19
13435.329,1.8939377267289577e-19,1.3849222964787013e-19
13436.96,4.0708931869636355e-19,1.7603113247818564e-19
13439.341,-1.5446358583994808e-19,1.2860180694781744e-19
13440.964,3.0425755678117016e-19,1.6845290568951653e-19
13444.953,1.745200636343817e-19,1.8699755139821657e-19
13445.171,-2.3742619780109304e-19,1.2279102162586906e-19
13481.325,2.4921629163633775e-20,1.3512484534531962e-19
13482.966,-2.5452824874079884e-19,1.7125260542175035e-19
13485.368,1.5671452323749803e-19,1.2862932841886204e-19
13487.001,1.4640567443812035e-19,1.6911399822915247e-19
13489.39,-1.5529105276298244e-19,1.2225548883339073e-19
13491.0205,6.985402900941458e-20,1.863064221173854e-19
13527.32,-2.486682902702645e-19,1.3456965814621903e-19
13528.971,1.8386780589837994e-19,1.7319239927682705e-19
13531.3955,1.766319337575271e-19,1.2860672015592169e-19
13533.037,1.7845547416683424e-19,1.6757014296614103e-19
13535.448,6.89392078968811e-20,1.2323408277882742e-19
13537.089,7.031886955192124e-20,1.8557628440480043e-19
13573.316,-1.2231380097663709e-19,1.3563051677840105e-19
13574.976,2.1680662583403816e-19,1.737510671583835e-19
13577.422,-4.634753947179168e-21,1.2895970210063195e-19
13579.073,-6.084604678046811e-20,1.6689971460862866e-19
13581.507,1.094848344077499e-19,1.2408556009376046e-19
13583.156,3.5242944584668655e-19,1.8646799482961583e-19
13619.3125,7.331138406918095e-20,1.3717258151028387e-19
13620.98,8.421183665226609e-20,1.748012761330924e-19
13623.45,3.271126139355963e-20,1.29565505987186e-19
13625.11,3.0734419719125824e-19,1.6940227006994442e-19
13627.565,8.771141629369392e-21,1.2356660718323634e-19
13629.223999999998,1.326114734729469e-19,1.8740989801377982e-19
13665.308,9.787138145484415e-20,1.3903908156940594e-19
13666.986,1.2984777011423683e-19,1.764474434720519e-19
13669.477,1.2996885821082267e-19,1.3017648020593573e-19
13671.146,3.71586906483909e-19,1.7277258053865712e-19
13673.623,1.2779230309512608e-20,1.2425961801890823e-19
13675.291,2.8644301912449275e-19,1.8764119264132515e-19
13711.303999999998,-3.136885686315279e-19,1.4243950884712696e-19
13712.991000000002,3.4062757103232645e-19,1.7982151075316173e-19
13715.504,-5.3450978744414686e-20,1.3286455328941997e-19
13717.17,5.221109038098211e-20,1.7243210223280738e-19
13719.682,9.566904325546697e-20,1.2490695688136015e-19
13721.359,-7.203123172424735e-20,1.8895956083512761e-19
13757.3,-3.830148714489034e-19,1.4541241504422043e-19
13758.996,5.989549288287668e-19,1.8171091458213058e-19
13761.531,-1.4754196762837235e-19,1.3384632218357834e-19
13763.231000000002,1.1984290947720348e-19,1.8416235364291504e-19
13765.74,1.6872843019957703e-19,1.261581672369462e-19
13767.427,7.921274626593719e-20,1.9208238232216961e-19
13802.753,-6.564899226102694e-20,1.6167918710420625e-19
13805.002,2.8922056914966183e-19,1.8177242145716548e-19
13807.559,-5.151034678252387e-20,1.3471249586172951e-19
13809.256,-7.691199153105435e-21,1.7423793725280022e-19
13811.799,1.8296512563821882e-19,1.282060253399932e-19
13813.494,-4.7821891013215645e-20,1.9223943411426286e-19
13849.863,1.3263355240642173e-19,1.556252278014386e-19
13851.007,1.2989953507961462e-19,1.824587143801856e-19
13853.586,-2.4502906362252727e-19,1.3898163066981137e-19
13854.346,2.207244639947237e-19,1.3393609604117776e-19
13855.293,2.9486429229365374e-19,1.7536163812428199e-19
13859.562,-2.1725344911554956e-19,1.9244471381757053e-19
13895.286,-8.339789376739702e-20,1.443287629020974e-19
13897.012,1.4187618701948435e-20,1.8198774877018892e-19
13899.613,-1.0594104043082021e-19,1.3902919016710128e-19
13901.329,2.0987539922571114e-19,1.7628544680697813e-19
13905.629,-6.913601970472139e-20,1.910445062329352e-19
13907.51,-2.0906759339977952e-19,1.3330819732912078e-19
13941.282,-6.430951388045805e-20,1.443447783115166e-19
13943.017,2.9219916683058043e-19,1.8385990018649084e-19
13945.641,-7.394771171588064e-20,1.3710728343909343e-19
13947.365,-2.619496557670181e-19,1.758730983615033e-19
13949.975,-2.2728654246162997e-19,1.2974956216060655e-19
13951.696000000002,2.194174455469616e-19,1.9473853689138852e-19
13987.277,-1.9685217915602463e-19,1.4400825089174686e-19
13989.022,-1.707476602353539e-20,1.8406561394106152e-19
13991.668,-1.306915891724527e-19,1.3613525387413302e-19
13993.401000000002,-1.2159297029777501e-20,1.7871459447589264e-19
13996.032,2.1558030630947314e-20,1.2926804955535393e-19
13997.765,6.100188157625405e-20,1.9404054131751472e-19
14033.273,-2.522377880490914e-19,1.4397509564389828e-19
14035.027,1.5571173312752264e-19,1.830841878289623e-19
14037.694,3.687850755698381e-20,1.3537149935950984e-19
14039.438,-3.0324138227226754e-19,1.8024382371890167e-19
14042.091,-1.2577774132023146e-19,1.2835595873282289e-19
14043.831,4.349476724756588e-19,1.9483434160033678e-19
14079.268999999998,-1.4129176551485876e-19,1.4340072808887887e-19
14081.032,4.4006129071635825e-20,1.8374642363279426e-19
14083.722,-1.7013845451653265e-20,1.3377460269721736e-19
14085.475,-1.447888160421207e-19,1.7928044869731165e-19
14088.149,-2.151326453263268e-19,1.2819262439913262e-19
14089.899,-3.6087033554134016e-20,1.9240251421336784e-19
14125.264,-2.9436841331252586e-21,1.4365103597412228e-19
14127.037,7.949469544441082e-20,1.8367472346114444e-19
14129.749,-7.584943540621909e-20,1.3498664223551708e-19
14131.512,3.81404088398391e-20,1.7578516660797303e-19
14134.208,-2.319377318778546e-19,1.2934814945785989e-19
14135.967,-7.728776953952264e-20,1.9076934629822824e-19
14171.26,-1.4486853695236286e-19,1.4615872477894387e-19
14173.043,3.4162929331338623e-19,1.86235137398343e-19
14175.776000000002,8.351109341670106e-20,1.359030098911132e-19
14177.548,1.885234610761667e-19,1.7717270094605883e-19
14180.266,-1.7567021684950079e-19,1.2875882376762815e-19
14181.48,2.1686354340718194e-19,1.9505466510052737e-19
14217.255,-1.5744148301789823e-19,1.4675931079813651e-19
14219.048,1.8574561149179714e-21,1.843210211663588e-19
14221.803,1.7151564026092664e-19,1.3622927324586546e-19
14223.584,1.2906770026278364e-19,1.7774859820295355e-19
14226.324,-1.2827869427413777e-19,1.2751527363641978e-19
14228.403,2.2836759172228885e-19,2.226377298344005e-19
14263.251,-4.272729097642715e-20,1.4632299522869122e-19
14265.053,-1.7758742672113733e-19,1.8509004911446267e-19
14267.83,-5.810697241890151e-21,1.353127000022448e-19
14269.62,1.4252488580450662e-19,1.7703390401866257e-19
14272.383,-2.7354593793645188e-19,1.2810601351894913e-19
14274.169,-2.7139207455263506e-19,2.0001131227706368e-19
14309.246,-2.263662801522103e-19,1.4818355256039645e-19
14311.058,2.4848053589019125e-19,1.8622803387186664e-19
14313.857,-1.4182165574536315e-19,1.35324002698775e-19
14315.657,2.1246480088284442e-19,1.7619521014469466e-19
14318.441,2.9141804520943884e-20,1.2864793571692604e-19
14320.236,2.1927180882091447e-19,1.9690594387912465e-19
14355.242,-1.6915838179903832e-19,1.4732731665357642e-19
14357.0625,5.151227130590131e-20,1.8501976697255518e-19
14359.885,1.395302190582714e-19,1.3785624417802077e-19
14361.693,3.455857165027295e-19,1.785117953547106e-19
14364.5,2.521129099122371e-19,1.3019853548696533e-19
14366.303999999998,1.1725952592314387e-19,1.9666131271651179e-19
14401.237,-6.388435468413494e-20,1.4728521472921983e-19
14403.067,1.2099167576357514e-19,1.866265338130481e-19
14405.911,2.9061374426487707e-19,1.386751959082502e-19
14407.7295,3.0337071110858006e-19,1.798516370993011e-19
14410.558,-8.759957624662237e-20,1.3104977967290624e-19
14412.371,-2.0484930299275065e-19,1.9356274439300744e-19
14447.232,1.3587079599701586e-19,1.4904060013611944e-19
14449.073,6.886557166396568e-20,1.869382247265394e-19
14451.938,3.130121893619486e-19,1.3873425429544934e-19
14453.766,-4.0821648885537036e-19,1.7714138614129526e-19
14456.616000000002,3.5952400862587675e-20,1.3360626503522744e-19
14458.438,2.1203262646606498e-19,1.9770835867763702e-19
14493.229,1.0598637099908518e-19,1.495410569666033e-19
14495.078,2.8758163563797206e-19,1.8992152063862052e-19
14497.966,1.828989932702476e-19,1.3932978155621726e-19
14499.802,1.6254314432451802e-19,1.7956342679410425e-19
14502.675,-1.0535107963089935e-19,1.3418516464614328e-19
14504.507,-1.757484480553524e-19,2.0202435772981326e-19
14539.223999999998,1.7651040370848476e-19,1.5060499061799904e-19
14541.082,1.4028418808935809e-19,1.902149179838869e-19
14543.992,-1.4402849614436973e-19,1.3911044119765928e-19
14545.839,-6.589709670334865e-20,1.8063949329426874e-19
14548.595,-3.2887316024781812e-19,1.3428858282447184e-19
14550.573,2.1179842174472403e-19,2.0258263815340238e-19
14585.219,-7.045243861666695e-20,1.5113597235304758e-19
14587.088,3.716933424652051e-19,1.9231239980908559e-19
14590.02,-2.0104399178870577e-19,1.4005863493026707e-19
14591.875,1.805035046965993e-19,1.8206694850706287e-19
14594.927,-1.421832922625121e-19,1.357222120207776e-19
14596.642,3.075342455367547e-19,2.039184140897568e-19
14631.214,-3.263017903234541e-19,1.5148246221646932e-19
14633.093,2.640974477018024e-19,1.9227608186563556e-19
14636.047,-7.846910607639814e-21,1.4152962767973734e-19
14637.911,-2.825612732277268e-19,1.8421560216156668e-19
14640.85,-6.804204257474293e-20,1.3480673171063569e-19
14642.709,4.8266272816446065e-19,2.0504570310311325e-19
14677.209,-3.535556329207821e-19,1.5215126166223498e-19
14677.699,-3.7876984726775546e-20,1.9618806586435968e-19
14682.073,4.973606069059914e-20,1.4318222424955702e-19
14683.947,1.8748414508151025e-19,1.8733078858400476e-19
14686.907,1.3799545834590985e-19,1.3512303608125e-19
14688.776000000002,-3.475330343049774e-19,2.0712036269212055e-19
14719.575,1.7528113953282545e-20,1.5887606382897887e-19
14725.451,-7.940837115846995e-20,2.543374818888795e-19
14728.101,1.1049280561061492e-19,1.4546112364044994e-19
14729.983,5.84816306346674e-20,1.893902448154888e-19
14732.966,4.283979705124076e-20,1.359377868990758e-19
14734.844,1.4107550544573807e-19,2.0582501746984238e-19
14769.2295,1.7845881717485745e-19,2.0359453924757623e-19
14771.107,-3.882484721668996e-19,1.9662277256610493e-19
14774.127,1.1534068890457803e-19,1.4577012061913573e-19
14776.0205,-7.999766719685981e-20,1.8811077257043354e-19
14779.024,-2.398322281374125e-20,1.380236426149529e-19
14780.911,2.229532559119823e-19,2.0998690582319243e-19
14817.112,-7.772772908278833e-20,2.0000859823233233e-19
14819.488,-2.460802225220216e-19,1.6238969932380533e-19
14820.154,1.8594130884046344e-19,1.4716360216140835e-19
14822.057,-1.6458128797434549e-19,1.9019629276129237e-19
14825.082,-1.8867421732313723e-20,1.3992361783232245e-19
14826.979,-5.223224578579284e-20,2.09081103111342e-19
14861.178,-1.276078565350454e-19,1.6182394782301697e-19
14863.117,-5.2926775626670377e-20,2.02013026022699e-19
14866.181,2.1248302465083935e-19,1.4892667374521405e-19
14868.093,-2.9539269185344623e-19,1.9274601513299564e-19
14871.141,-2.573779533154572e-19,1.3961244764932473e-19
14873.046,-1.0544463307089222e-19,2.0834270445100058e-19
14905.797,1.3341836472188467e-19,2.0917248879290682e-19
14907.173,-1.2136500347155525e-19,1.539133091158279e-19
14912.208,-3.6130594889136324e-20,1.4846522679522423e-19
14914.129,-1.5519197971583074e-19,1.9543315353915218e-19
14917.198,-2.1922812414027855e-19,1.3940794048737687e-19
14919.113,1.1563869507305922e-19,2.1421859051463612e-19
14953.168,-2.156344299379629e-19,1.5103168800315757e-19
14958.097,-1.5863029420201503e-19,1.4946813703868055e-19
14960.165,2.1426176336529987e-19,1.9590553508144953e-19
14962.277,-2.5917763945250906e-19,1.5976278210126686e-19
14963.257,-4.514965635913519e-20,1.3901989555311113e-19
14965.18,-6.363488815012728e-19,2.219276085054167e-19
14999.164,-1.5776753989429102e-19,1.496338005669302e-19
15001.128,-2.411760956261914e-19,2.0078506127773947e-19
15004.418,3.665232853611239e-20,1.5022398988315472e-19
15006.201,-4.48410808416425e-19,1.9940492540519808e-19
15009.313999999997,-2.714860244087502e-19,1.3942275933425328e-19
15011.248,-1.0618903150854416e-19,2.236197104506248e-19
15041.402,-3.4772041016134396e-19,1.497162051706226e-19
15047.132,-1.1174266993044939e-19,1.9453143964411144e-19
15050.288,-1.2416787139945302e-20,1.4984337025126639e-19
15052.237,-2.3684616659932377e-19,1.962629892429998e-19
15055.373,-8.740119523823307e-20,1.4010025808981462e-19
15057.068,-5.728199118081653e-20,2.1010553132954573e-19
15093.138,2.2334126665689516e-19,1.9677907586763224e-19
15095.516,-1.444677234415925e-19,1.4781691412224495e-19
15096.313999999997,-3.149437582297615e-19,1.5109059720648677e-19
15098.273,-1.177114678639147e-20,2.0173946560975191e-19
15101.431,1.4246110828478829e-19,1.4055122119212944e-19
15103.432,3.8893080865616294e-19,2.577429801854439e-19
15137.149,6.4879570982155085e-21,1.4572668160578856e-19
15139.143,3.6548327110263655e-19,1.9555139673197798e-19
15142.339,-2.7156442806225195e-19,1.5400925775248516e-19
15144.31,1.515248845285383e-20,1.9808631499888849e-19
15147.488,-1.2145998641610342e-19,1.4062635093723565e-19
15149.449,2.718304689554016e-19,2.1491639776567235e-19
15183.1455,-1.284864436707367e-19,1.4430622763811756e-19
15184.522,-1.5408420648734004e-19,1.5202158725577503e-19
15185.146,5.368669476240065e-20,1.9209177191067376e-19
15190.346,2.0444388873113014e-19,1.9489954366719448e-19
15193.547,1.5696486018938792e-20,1.4198795789184665e-19
15195.517,6.842457528410285e-20,2.1468580712142378e-19
15229.141,-5.1017493010497625e-20,1.425367932446204e-19
15231.152,-3.6510165570617376e-19,1.8840537465959366e-19
15236.382,-1.2504943734745257e-19,1.9493508097666673e-19
15238.694,-3.165138589941152e-19,1.481059033489072e-19
15239.6045,8.482615666878864e-20,1.4320555957407707e-19
15241.128,-4.2418630014278634e-19,2.1418389696403177e-19
15274.902,-1.020045182938547e-19,1.4251539919736903e-19
15277.156,5.1031038268575245e-20,1.844070984546395e-19
15280.409,-2.8710472540617673e-19,1.4515172932745828e-19
15282.417,-1.9868219963897142e-19,2.0168117012859573e-19
15285.663,7.316043379525e-20,1.4371466140813051e-19
15287.711,-1.5485059862572415e-19,2.4713775494576574e-19
15321.388,-3.408184440442915e-20,1.4290048035755576e-19
15323.161,-1.9074347236292335e-19,1.8395987165194666e-19
15326.437,-2.4374411411030775e-19,1.4429310857054775e-19
15328.452,-7.759212318212525e-20,1.9575644258575432e-19
15331.721,9.980143361080013e-20,1.4563912272428226e-19
15333.719,-5.011706895404681e-19,2.1779482042922503e-19
15367.127,1.9124972917207015e-20,1.401348905624381e-19
15369.166,-1.7633001279329152e-19,1.8079637195865041e-19
15372.463,-1.1899758585478363e-19,1.4605177644026933e-19
15374.488,-3.078048106511272e-19,1.9522621809428478e-19
15377.778,-2.1080485578147632e-19,1.4674733324680927e-19
15379.786,1.904086118786526e-19,2.2119891018726976e-19
15413.0,-2.3695395199917583e-19,1.4131523422492812e-19
15415.172,-1.6407842518153646e-21,1.8451515851922053e-19
15418.49,-3.690244338940766e-22,1.4519333281806373e-19
15420.524,3.451499163627735e-19,1.9623777512727925e-19
15423.751,-2.04767708416839e-19,1.4802076230431905e-19
15425.854,-6.122903588892599e-20,2.202061157536551e-19
15459.257,-2.171759610201515e-19,1.3831036548503725e-19
15461.177,2.3249153622657053e-19,1.8314319770213817e-19
15464.517,9.455307284610432e-20,1.409907494898448e-19
15466.561000000003,-1.117468865386309e-19,1.918813054504697e-19
15468.2295,6.827159820278516e-20,1.762590617883909e-19
15471.919,2.3419580078917213e-19,2.2938271525880253e-19
15505.114,-1.1984903621183352e-19,1.3611763287292002e-19
15507.182,-6.11910133366253e-19,1.8298314046919362e-19
15510.544,2.936155349457051e-19,1.409776948771621e-19
15512.596,1.3625541307959362e-20,1.8868962722986607e-19
15517.76,1.334393295566634e-19,1.7255727774915715e-19
15517.985,8.999451856134117e-21,2.254406778355081e-19
15551.109,1.0878995848998617e-19,1.3602416133302507e-19
15553.187,-4.454935095237184e-19,1.8121712856671656e-19
15556.571000000002,1.2900442839689716e-19,1.3911381408565223e-19
15558.633,1.8461875118280382e-19,1.8929831802258236e-19
15562.113,-1.0826902299266327e-19,1.4590583200978282e-19
15564.053,-2.9922140491677193e-19,2.249440245927781e-19
15596.983,5.393789887307209e-20,1.3687603584696075e-19
15599.191,8.977036485598782e-20,1.757926196437896e-19
15602.598,-1.733909843322669e-19,1.3658466042104167e-19
15604.669,4.1093413580162014e-19,1.8900291577614335e-19
15607.932,-1.731969610755141e-19,1.4272578759521126e-19
15610.12,3.7441668673254344e-19,2.213573421165301e-19
15643.233,-2.090684152276666e-19,1.3516793196843674e-19
15645.196000000002,2.992623927184444e-19,1.7572038394871832e-19
15648.625,-3.173662867467827e-20,1.359960202896555e-19
15650.705,-2.097482029521775e-19,1.8347989371100773e-19
15654.246,-3.0294659981987254e-19,1.438632740334054e-19
15656.155,1.7641798898847393e-19,2.1886379660481228e-19
15689.097,-4.775005722225832e-19,1.3114472250951379e-19
15691.201,1.8513777976053509e-19,1.751862020672131e-19
15694.652,-3.308893594390723e-20,1.3510600653309978e-19
15696.741000000002,2.0304074454263223e-19,1.8510663798444344e-19
15700.172,-2.1107391029860967e-19,1.4325210791854092e-19
15702.267,-5.112274361461236e-19,2.3496899015056736e-19
15735.092,-3.9999510362684863e-19,1.2946030020609459e-19
15737.206,7.983767720248005e-20,1.7509551731311124e-19
15740.678999999998,-1.5121117920412245e-19,1.3315048344392127e-19
15742.777,7.645341029042068e-20,1.797523786149947e-19
15746.23,-1.1876827390033924e-19,1.4218034614035518e-19
15748.322,-1.4627509805170726e-19,2.1038841310438268e-19
15781.088,-2.5796843834450655e-19,1.2820863535572926e-19
15783.211,-1.395029596743306e-19,1.6559274394395203e-19
15786.706,-4.752257142250188e-20,1.308646352658683e-19
15788.813,5.888259352695955e-21,1.7755987073988751e-19
15792.288,-4.3564271898322087e-20,1.3891298805822499e-19
15794.39,8.499367571421364e-20,2.0843034992215697e-19
15827.083,-3.183245153666688e-19,1.2570689599639448e-19
15829.216,-3.1146620953031144e-19,1.6641810431586096e-19
15832.733,4.293770799878628e-20,1.2877124721016025e-19
15834.851,2.3642803801553073e-19,1.7677039364862588e-19
15838.347,1.942883097593977e-19,1.357137796863068e-19
15840.456,1.7745935862329974e-19,2.0553551909258848e-19
15873.079,-2.583948726250838e-19,1.2367039975993884e-19
15875.222,6.97510479290337e-20,1.6505527004906626e-19
15878.76,5.082392166236965e-20,1.27276655702204e-19
15880.886,2.2417078013352097e-20,1.733755722352227e-19
15884.404,-1.4943970037543137e-21,1.330449476780215e-19
15886.523,-1.7688004837581263e-19,2.0475954768874078e-19
15919.074,-1.4041443321183245e-19,1.2205839252205566e-19
15921.227,1.5844507235046285e-19,1.6400704655115472e-19
15924.787,5.982836726078225e-21,1.260498628535626e-19
15926.923,8.572788164845574e-20,1.7284163061313484e-19
15930.463,9.141759905210104e-20,1.3178400182641573e-19
15932.592,-1.82841045810953e-19,2.002576770338558e-19
15965.07,-1.4621222748066313e-19,1.2090504906293252e-19
15967.231000000002,1.7521085588718763e-19,1.6119884354528334e-19
15970.813999999997,5.71787792996293e-20,1.2569653744161153e-19
15972.959,1.912395915933895e-19,1.726115562907892e-19
15976.521,1.0963949260473608e-19,1.3207709236882547e-19
15978.658,5.86268711759051e-20,2.0101230018847368e-19
16011.065,-6.728078723994402e-20,1.2085842638026482e-19
16013.237,-1.2479032162584156e-19,1.6010216625289993e-19
16016.842,1.4079357829615252e-19,1.2543581812767774e-19
16018.995,6.980786243666586e-20,1.7200906573448136e-19
16019.787,-9.372877327147567e-20,1.4589683919447746e-19
16024.726,3.9128662562146063e-19,2.0214550520532013e-19
16057.062,-4.2416989285443365e-19,1.1979800995246887e-19
16059.242,1.3664082850744895e-20,1.5890225943864484e-19
16062.868,2.6508662984502096e-19,1.2547455726215977e-19
16065.031,2.517610553900432e-19,1.6952358712169991e-19
16070.793,-6.061512790126116e-20,1.9393260916993736e-19
16071.545,7.553190723101247e-20,1.4228364437035168e-19
16103.058,-3.7720395967800733e-19,1.1898438082138263e-19
16105.247,-5.658100680730154e-20,1.575360086399484e-19
16108.8955,4.5047981206953713e-20,1.239533236543059e-19
16111.068,1.0202707728495097e-19,1.7006733919193677e-19
16114.695,2.5105337758380185e-19,1.2839315779127397e-19
16116.86,4.5096345178716095e-19,1.9801174183897374e-19
16149.053,-9.560608555824796e-20,1.1865020523285421e-19
16151.252,3.1507286776789146e-19,1.581273928340203e-19
16154.923,-1.59964848160664e-19,1.2123309111626232e-19
16157.1045,7.522109262506198e-20,1.6509039663799712e-19
16160.754,9.760211223578307e-21,1.2647893975916748e-19
16162.928,-1.2631920032562215e-20,1.9354379904513217e-19
16195.049,-6.741581830309684e-20,1.1858472898956257e-19
16197.258,7.005584631731013e-20,1.5569126050952613e-19
16200.95,-3.5718638412953854e-21,1.2039200298447666e-19
16203.141,7.704972432487714e-20,1.669395574991463e-19
16206.8125,-1.2501239560536e-19,1.2606847383441476e-19
16208.995,4.456877388065099e-19,1.9493863449427783e-19
16241.044,-2.8511800409900625e-19,1.18227547176576e-19
16243.262,2.4990910404266344e-19,1.5804813092571206e-19
16246.978,-1.7779532411176945e-19,1.198454335350379e-19
16249.177,3.098621802610207e-19,1.6493147054758136e-19
16252.871,-3.5170947939866016e-21,1.2723279108198722e-19
16255.0625,4.333376800607528e-19,1.9798370803479007e-19
16287.04,-1.7552062347973428e-19,1.1775024756773388e-19
16289.268,4.043854089991753e-19,1.6005778706810077e-19
16293.005,-3.206383125332016e-19,1.2113652784765828e-19
16295.214,1.8355994578215217e-19,1.654557945327779e-19
16298.928999999998,-1.0474608470003608e-19,1.264194258369196e-19
16300.795,2.184521709852799e-19,1.9352747070345632e-19
16333.036,-2.122629675967498e-19,1.1686168646587e-19
16335.272,-1.763423855804385e-19,1.5680935725449835e-19
16339.031,-2.912650347681013e-19,1.2141310362238266e-19
16341.157,-1.519594996309407e-19,1.6409896568445244e-19
16344.987,-4.0613864404313097e-19,1.262980277682976e-19
16347.338,-1.7511344922390596e-21,2.1306931753897547e-19
16379.031,-2.2734870304303653e-19,1.1655750627660722e-19
16380.526000000002,-2.8719703756538896e-19,1.1843370819432027e-19
16381.278,1.985860327121429e-19,1.5784363360442918e-19
16387.355,1.7000166459322036e-19,1.7009088190022423e-19
16391.045,-2.618172760785597e-19,1.2446049117853504e-19
16393.266,3.213426711774473e-19,1.9640057722754814e-19
16425.027,-2.5033914878453967e-20,1.1670544537992416e-19
16427.283,3.508945425125095e-19,1.5624606094483401e-19
16432.482,1.275404841459e-19,1.240372339130546e-19
16433.322,1.1574891114118442e-19,1.6326801606319044e-19
16435.754,-6.963963674622475e-20,1.196394640793813e-19
16439.332,2.60407697403941e-20,1.9080449174444782e-19
16471.023,1.747817950830766e-19,1.1687133599364981e-19
16473.287,-2.6294216208078862e-20,1.5308181117925223e-19
16477.113,8.56385368671704e-20,1.189118171809174e-19
16479.36,-2.664053744846301e-19,1.609751656374387e-19
16485.4,2.4339423821643405e-19,1.9001074679354656e-19
16487.88,3.0211885111148966e-20,1.243230408562128e-19
